-0.999373825923607 0.235441452723857
-0.99812147777082 -0.528490920475892
-0.996869129618034 0.707576706324358
-0.995616781465247 -0.0563556668753914
-0.994364433312461 -0.820288040075141
-0.993112085159674 0.41577958672511
-0.991859737006888 -0.34815278647464
-0.990607388854101 0.887914840325611
-0.989355040701315 0.123982467125861
-0.988102692548528 -0.639949906073888
-0.986850344395742 0.596117720726362
-0.985597996242956 -0.167814652473388
-0.984345648090169 -0.931747025673137
-0.983093299937383 0.304320601127113
-0.981840951784596 -0.459611772072636
-0.98058860363181 0.776455854727614
-0.979336255479023 0.0125234815278648
-0.978083907326237 -0.751408891671885
-0.97683155917345 0.484658735128366
-0.975579211020664 -0.279273638071384
-0.974326862867877 0.956793988728867
-0.973074514715091 0.192861615529117
-0.971822166562304 -0.571070757670632
-0.970569818409518 0.664996869129618
-0.969317470256731 -0.0989355040701315
-0.968065122103945 -0.862867877269881
-0.966812773951158 0.373199749530369
-0.965560425798372 -0.39073262366938
-0.964308077645585 0.84533500313087
-0.963055729492799 0.0814026299311208
-0.961803381340013 -0.682529743268629
-0.960551033187226 0.553537883531622
-0.95929868503444 -0.210394489668128
-0.958046336881653 -0.974326862867877
-0.956793988728867 0.261740763932373
-0.95554164057608 -0.502191609267376
-0.954289292423294 0.733876017532874
-0.953036944270507 -0.0300563556668754
-0.951784596117721 -0.793988728866625
-0.950532247964934 0.442078897933626
-0.949279899812148 -0.321853475266124
-0.948027551659361 0.914214151534126
-0.946775203506575 0.150281778334377
-0.945522855353788 -0.613650594865373
-0.944270507201002 0.622417031934878
-0.943018159048215 -0.141515341264872
-0.941765810895429 -0.905447714464621
-0.940513462742642 0.330619912335629
-0.939261114589856 -0.43331246086412
-0.93800876643707 0.80275516593613
-0.936756418284283 0.0388227927363807
-0.935504070131497 -0.725109580463369
-0.93425172197871 0.510958046336882
-0.932999373825924 -0.252974326862868
-0.931747025673137 0.983093299937383
-0.930494677520351 0.219160926737633
-0.929242329367564 -0.544771446462117
-0.927989981214778 0.691296180338134
-0.926737633061991 -0.0726361928616155
-0.925485284909205 -0.836568566061365
-0.924232936756418 0.399499060738885
-0.922980588603632 -0.364433312460864
-0.921728240450845 0.871634314339386
-0.920475892298059 0.107701941139637
-0.919223544145272 -0.656230432060113
-0.917971195992486 0.579837194740138
-0.916718847839699 -0.184095178459612
-0.915466499686913 -0.948027551659361
-0.914214151534126 0.288040075140889
-0.91296180338134 -0.47589229805886
-0.911709455228554 0.76017532874139
-0.910457107075767 -0.00375704445835945
-0.909204758922981 -0.767689417658109
-0.907952410770194 0.468378209142142
-0.906700062617408 -0.295554164057608
-0.905447714464621 0.940513462742642
-0.904195366311835 0.176581089542893
-0.902943018159048 -0.587351283656857
-0.901690670006262 0.648716343143394
-0.900438321853475 -0.115216030056356
-0.899185973700689 -0.879148403256105
-0.897933625547902 0.356919223544145
-0.896681277395116 -0.407013149655604
-0.895428929242329 0.829054477144646
-0.894176581089543 0.0651221039448966
-0.892924232936756 -0.698810269254853
-0.89167188478397 0.537257357545398
-0.890419536631183 -0.226675015654352
-0.889167188478397 -0.990607388854101
-0.887914840325611 0.245460237946149
-0.886662492172824 -0.5184721352536
-0.885410144020038 0.71759549154665
-0.884157795867251 -0.0463368816530996
-0.882905447714465 -0.810269254852849
-0.881653099561678 0.425798371947401
-0.880400751408892 -0.338134001252348
-0.879148403256105 0.897933625547902
-0.877896055103319 0.134001252348153
-0.876643706950532 -0.629931120851597
-0.875391358797746 0.606136505948654
-0.874139010644959 -0.157795867251096
-0.872886662492173 -0.921728240450845
-0.871634314339386 0.314339386349405
-0.8703819661866 -0.449592986850344
-0.869129618033813 0.786474639949906
-0.867877269881027 0.0225422667501565
-0.86662492172824 -0.741390106449593
-0.865372573575454 0.494677520350657
-0.864120225422668 -0.269254852849092
-0.862867877269881 0.966812773951158
-0.861615529117095 0.202880400751409
-0.860363180964308 -0.561051972448341
-0.859110832811522 0.67501565435191
-0.857858484658735 -0.0889167188478397
-0.856606136505949 -0.852849092047589
-0.855353788353162 0.383218534752661
-0.854101440200376 -0.380713838447088
-0.852849092047589 0.855353788353162
-0.851596743894803 0.0914214151534127
-0.850344395742016 -0.672510958046337
-0.84909204758923 0.563556668753914
-0.847839699436443 -0.200375704445836
-0.846587351283657 -0.964308077645585
-0.84533500313087 0.271759549154665
-0.844082654978084 -0.492172824045085
-0.842830306825297 0.743894802755166
-0.841577958672511 -0.0200375704445835
-0.840325610519725 -0.783969943644333
-0.839073262366938 0.452097683155917
-0.837820914214152 -0.311834690043832
-0.836568566061365 0.924232936756418
-0.835316217908579 0.160300563556669
-0.834063869755792 -0.603631809643081
-0.832811521603006 0.63243581715717
-0.831559173450219 -0.13149655604258
-0.830306825297433 -0.895428929242329
-0.829054477144646 0.340638697557921
-0.82780212899186 -0.423293675641828
-0.826549780839073 0.812773951158422
-0.825297432686287 0.0488415779586726
-0.8240450845335 -0.715090795241077
-0.822792736380714 0.520976831559173
-0.821540388227927 -0.242955541640576
-0.820288040075141 0.993112085159674
-0.819035691922354 0.229179711959925
-0.817783343769568 -0.534752661239825
-0.816530995616781 0.701314965560426
-0.815278647463995 -0.0626174076393238
-0.814026299311209 -0.826549780839073
-0.812773951158422 0.409517845961177
-0.811521603005636 -0.354414527238572
-0.810269254852849 0.881653099561678
-0.809016906700063 0.117720726361929
-0.807764558547276 -0.646211646837821
-0.80651221039449 0.58985597996243
-0.805259862241703 -0.17407639323732
-0.804007514088917 -0.93800876643707
-0.80275516593613 0.298058860363181
-0.801502817783344 -0.465873512836569
-0.800250469630557 0.770194113963682
-0.798998121477771 0.00626174076393227
-0.797745773324984 -0.757670632435817
-0.796493425172198 0.478396994364433
-0.795241077019411 -0.285535378835316
-0.793988728866625 0.950532247964934
-0.792736380713838 0.186599874765185
-0.791484032561052 -0.577332498434565
-0.790231684408266 0.658735128365686
-0.788979336255479 -0.105197244834064
-0.787726988102692 -0.869129618033813
-0.786474639949906 0.366938008766437
-0.78522229179712 -0.396994364433312
-0.783969943644333 0.839073262366938
-0.782717595491547 0.0751408891671885
-0.78146524733876 -0.688791484032561
-0.780212899185974 0.547276142767689
-0.778960551033187 -0.21665623043206
-0.777708202880401 -0.98058860363181
-0.776455854727614 0.255479023168441
-0.775203506574828 -0.508453350031309
-0.773951158422041 0.727614276768942
-0.772698810269255 -0.0363180964308077
-0.771446462116468 -0.800250469630557
-0.770194113963682 0.435817157169693
-0.768941765810895 -0.328115216030056
-0.767689417658109 0.907952410770194
-0.766437069505322 0.144020037570445
-0.765184721352536 -0.619912335629305
-0.763932373199749 0.616155291170946
-0.762680025046963 -0.147777082028804
-0.761427676894177 -0.911709455228554
-0.76017532874139 0.324358171571697
-0.758922980588604 -0.439574201628053
-0.757670632435817 0.796493425172198
-0.756418284283031 0.0325610519724484
-0.755165936130244 -0.731371321227301
-0.753913587977458 0.504696305572949
-0.752661239824671 -0.2592360676268
-0.751408891671885 0.97683155917345
-0.750156543519098 0.212899185973701
-0.748904195366312 -0.551033187226049
-0.747651847213525 0.685034439574202
-0.746399499060739 -0.0788979336255479
-0.745147150907952 -0.842830306825297
-0.743894802755166 0.393237319974953
-0.74264245460238 -0.370695053224796
-0.741390106449593 0.865372573575454
-0.740137758296807 0.101440200375704
-0.73888541014402 -0.662492172824045
-0.737633061991234 0.573575453976205
-0.736380713838447 -0.190356919223544
-0.735128365685661 -0.954289292423294
-0.733876017532874 0.281778334376957
-0.732623669380088 -0.482154038822793
-0.731371321227301 0.753913587977458
-0.730118973074515 -0.0100187852222918
-0.728866624921728 -0.773951158422041
-0.727614276768942 0.462116468378209
-0.726361928616155 -0.30181590482154
-0.725109580463369 0.93425172197871
-0.723857232310582 0.17031934877896
-0.722604884157796 -0.593613024420789
-0.721352536005009 0.642454602379462
-0.720100187852223 -0.121477770820288
-0.718847839699436 -0.885410144020038
-0.71759549154665 0.350657482780213
-0.716343143393864 -0.413274890419537
-0.715090795241077 0.822792736380714
-0.713838447088291 0.0588603631809643
-0.712586098935504 -0.705072010018785
-0.711333750782718 0.530995616781465
-0.710081402629931 -0.232936756418284
-0.708829054477145 -0.996869129618034
-0.707576706324358 0.239198497182217
-0.706324358171572 -0.524733876017533
-0.705072010018785 0.711333750782718
-0.703819661865999 -0.0525986224170319
-0.702567313713212 -0.816530995616781
-0.701314965560426 0.419536631183469
-0.700062617407639 -0.344395742016281
-0.698810269254853 0.89167188478397
-0.697557921102066 0.12773951158422
-0.69630557294928 -0.636192861615529
-0.695053224796493 0.599874765184721
-0.693800876643707 -0.164057608015028
-0.692548528490921 -0.927989981214778
-0.691296180338134 0.308077645585473
-0.690043832185347 -0.455854727614277
-0.688791484032561 0.780212899185974
-0.687539135879775 0.0162805259862242
-0.686286787726988 -0.747651847213525
-0.685034439574202 0.488415779586725
-0.683782091421415 -0.275516593613024
-0.682529743268629 0.960551033187226
-0.681277395115842 0.196618659987477
-0.680025046963056 -0.567313713212273
-0.678772698810269 0.668753913587977
-0.677520350657483 -0.0951784596117721
-0.676268002504696 -0.859110832811522
-0.67501565435191 0.376956793988729
-0.673763306199123 -0.386975579211021
-0.672510958046337 0.84909204758923
-0.67125860989355 0.0851596743894802
-0.670006261740764 -0.678772698810269
-0.668753913587977 0.557294927989981
-0.667501565435191 -0.206637445209768
-0.666249217282404 -0.970569818409518
-0.664996869129618 0.265497808390733
-0.663744520976832 -0.498434564809017
-0.662492172824045 0.737633061991233
-0.661239824671259 -0.0262993112085159
-0.659987476518472 -0.790231684408266
-0.658735128365686 0.445835942391985
-0.657482780212899 -0.318096430807765
-0.656230432060113 0.917971195992486
-0.654978083907326 0.154038822792736
-0.65372573575454 -0.609893550407013
-0.652473387601753 0.626174076393237
-0.651221039448967 -0.137758296806512
-0.64996869129618 -0.901690670006262
-0.648716343143394 0.334376956793989
-0.647463994990607 -0.429555416405761
-0.646211646837821 0.80651221039449
-0.644959298685034 0.0425798371947401
-0.643706950532248 -0.721352536005009
-0.642454602379462 0.514715090795241
-0.641202254226675 -0.249217282404508
-0.639949906073888 0.986850344395742
-0.638697557921102 0.222917971195993
-0.637445209768316 -0.541014402003757
-0.636192861615529 0.695053224796493
-0.634940513462743 -0.0688791484032562
-0.633688165309956 -0.832811521603006
-0.63243581715717 0.403256105197245
-0.631183469004383 -0.360676268002505
-0.629931120851597 0.875391358797746
-0.62867877269881 0.111458985597996
-0.627426424546024 -0.652473387601753
-0.626174076393237 0.583594239198497
-0.624921728240451 -0.180338134001252
-0.623669380087664 -0.944270507201002
-0.622417031934878 0.291797119599249
-0.621164683782091 -0.472135253600501
-0.619912335629305 0.76393237319975
-0.618659987476518 0
-0.617407639323732 -0.763932373199749
-0.616155291170946 0.472135253600501
-0.614902943018159 -0.291797119599249
-0.613650594865373 0.944270507201002
-0.612398246712586 0.180338134001252
-0.6111458985598 -0.583594239198497
-0.609893550407013 0.652473387601753
-0.608641202254227 -0.111458985597996
-0.60738885410144 -0.875391358797746
-0.606136505948654 0.360676268002505
-0.604884157795867 -0.403256105197245
-0.603631809643081 0.832811521603006
-0.602379461490294 0.068879148403256
-0.601127113337508 -0.695053224796493
-0.599874765184721 0.541014402003757
-0.598622417031935 -0.222917971195992
-0.597370068879148 -0.986850344395742
-0.596117720726362 0.249217282404508
-0.594865372573576 -0.514715090795241
-0.593613024420789 0.721352536005009
-0.592360676268002 -0.0425798371947401
-0.591108328115216 -0.80651221039449
-0.58985597996243 0.429555416405761
-0.588603631809643 -0.334376956793989
-0.587351283656857 0.901690670006262
-0.58609893550407 0.137758296806512
-0.584846587351284 -0.626174076393237
-0.583594239198497 0.609893550407013
-0.582341891045711 -0.154038822792736
-0.581089542892924 -0.917971195992486
-0.579837194740138 0.318096430807765
-0.578584846587351 -0.445835942391985
-0.577332498434565 0.790231684408266
-0.576080150281778 0.0262993112085159
-0.574827802128992 -0.737633061991234
-0.573575453976205 0.498434564809017
-0.572323105823419 -0.265497808390733
-0.571070757670632 0.970569818409518
-0.569818409517846 0.206637445209768
-0.568566061365059 -0.557294927989981
-0.567313713212273 0.678772698810269
-0.566061365059487 -0.0851596743894802
-0.5648090169067 -0.84909204758923
-0.563556668753914 0.386975579211021
-0.562304320601127 -0.376956793988729
-0.561051972448341 0.859110832811522
-0.559799624295554 0.0951784596117722
-0.558547276142768 -0.668753913587977
-0.557294927989981 0.567313713212273
-0.556042579837195 -0.196618659987477
-0.554790231684408 -0.960551033187226
-0.553537883531622 0.275516593613024
-0.552285535378835 -0.488415779586725
-0.551033187226049 0.747651847213525
-0.549780839073262 -0.0162805259862242
-0.548528490920476 -0.780212899185974
-0.547276142767689 0.455854727614277
-0.546023794614903 -0.308077645585473
-0.544771446462117 0.927989981214778
-0.54351909830933 0.164057608015028
-0.542266750156543 -0.599874765184721
-0.541014402003757 0.636192861615529
-0.539762053850971 -0.12773951158422
-0.538509705698184 -0.89167188478397
-0.537257357545398 0.34439574201628
-0.536005009392611 -0.419536631183469
-0.534752661239825 0.816530995616781
-0.533500313087038 0.0525986224170318
-0.532247964934252 -0.711333750782718
-0.530995616781465 0.524733876017533
-0.529743268628679 -0.239198497182217
-0.528490920475892 0.996869129618034
-0.527238572323106 0.232936756418284
-0.525986224170319 -0.530995616781465
-0.524733876017533 0.705072010018785
-0.523481527864746 -0.0588603631809643
-0.52222917971196 -0.822792736380714
-0.520976831559173 0.413274890419537
-0.519724483406387 -0.350657482780213
-0.5184721352536 0.885410144020037
-0.517219787100814 0.121477770820288
-0.515967438948028 -0.642454602379462
-0.514715090795241 0.593613024420789
-0.513462742642455 -0.170319348778961
-0.512210394489668 -0.93425172197871
-0.510958046336882 0.30181590482154
-0.509705698184095 -0.462116468378209
-0.508453350031309 0.773951158422041
-0.507201001878522 0.0100187852222917
-0.505948653725736 -0.753913587977458
-0.504696305572949 0.482154038822793
-0.503443957420163 -0.281778334376957
-0.502191609267376 0.954289292423294
-0.50093926111459 0.190356919223544
-0.499686912961803 -0.573575453976205
-0.498434564809017 0.662492172824045
-0.49718221665623 -0.101440200375704
-0.495929868503444 -0.865372573575454
-0.494677520350657 0.370695053224797
-0.493425172197871 -0.393237319974953
-0.492172824045085 0.842830306825297
-0.490920475892298 0.078897933625548
-0.489668127739512 -0.685034439574202
-0.488415779586725 0.551033187226049
-0.487163431433939 -0.212899185973701
-0.485911083281152 -0.97683155917345
-0.484658735128366 0.2592360676268
-0.483406386975579 -0.504696305572949
-0.482154038822793 0.731371321227301
-0.480901690670006 -0.0325610519724483
-0.47964934251722 -0.796493425172198
-0.478396994364433 0.439574201628053
-0.477144646211647 -0.324358171571697
-0.47589229805886 0.911709455228554
-0.474639949906074 0.147777082028804
-0.473387601753287 -0.616155291170946
-0.472135253600501 0.619912335629305
-0.470882905447714 -0.144020037570445
-0.469630557294928 -0.907952410770194
-0.468378209142142 0.328115216030056
-0.467125860989355 -0.435817157169693
-0.465873512836569 0.800250469630557
-0.464621164683782 0.0363180964308079
-0.463368816530996 -0.727614276768942
-0.462116468378209 0.508453350031309
-0.460864120225423 -0.255479023168441
-0.459611772072636 0.98058860363181
-0.45835942391985 0.21665623043206
-0.457107075767063 -0.547276142767689
-0.455854727614277 0.688791484032561
-0.45460237946149 -0.0751408891671885
-0.453350031308704 -0.839073262366938
-0.452097683155917 0.396994364433312
-0.450845335003131 -0.366938008766437
-0.449592986850344 0.869129618033814
-0.448340638697558 0.105197244834064
-0.447088290544771 -0.658735128365686
-0.445835942391985 0.577332498434565
-0.444583594239198 -0.186599874765185
-0.443331246086412 -0.950532247964934
-0.442078897933626 0.285535378835316
-0.440826549780839 -0.478396994364433
-0.439574201628053 0.757670632435817
-0.438321853475266 -0.00626174076393238
-0.43706950532248 -0.770194113963682
-0.435817157169693 0.465873512836569
-0.434564809016907 -0.298058860363181
-0.43331246086412 0.93800876643707
-0.432060112711334 0.17407639323732
-0.430807764558547 -0.58985597996243
-0.429555416405761 0.646211646837821
-0.428303068252974 -0.117720726361929
-0.427050720100188 -0.881653099561678
-0.425798371947401 0.354414527238572
-0.424546023794615 -0.409517845961177
-0.423293675641828 0.826549780839073
-0.422041327489042 0.0626174076393238
-0.420788979336255 -0.701314965560426
-0.419536631183469 0.534752661239825
-0.418284283030683 -0.229179711959925
-0.417031934877896 -0.993112085159674
-0.41577958672511 0.242955541640576
-0.414527238572323 -0.520976831559173
-0.413274890419537 0.715090795241077
-0.41202254226675 -0.0488415779586725
-0.410770194113964 -0.812773951158422
-0.409517845961177 0.423293675641828
-0.408265497808391 -0.340638697557921
-0.407013149655604 0.895428929242329
-0.405760801502818 0.13149655604258
-0.404508453350031 -0.63243581715717
-0.403256105197245 0.603631809643081
-0.402003757044458 -0.160300563556669
-0.400751408891672 -0.924232936756418
-0.399499060738885 0.311834690043832
-0.398246712586099 -0.452097683155917
-0.396994364433312 0.783969943644333
-0.395742016280526 0.0200375704445837
-0.39448966812774 -0.743894802755166
-0.393237319974953 0.492172824045084
-0.391984971822167 -0.271759549154665
-0.39073262366938 0.964308077645585
-0.389480275516594 0.200375704445836
-0.388227927363807 -0.563556668753914
-0.386975579211021 0.672510958046337
-0.385723231058234 -0.0914214151534126
-0.384470882905448 -0.855353788353162
-0.383218534752661 0.380713838447088
-0.381966186599875 -0.383218534752661
-0.380713838447088 0.852849092047589
-0.379461490294302 0.0889167188478397
-0.378209142141515 -0.67501565435191
-0.376956793988729 0.561051972448341
-0.375704445835942 -0.202880400751409
-0.374452097683156 -0.966812773951158
-0.373199749530369 0.269254852849092
-0.371947401377583 -0.494677520350657
-0.370695053224796 0.741390106449593
-0.36944270507201 -0.0225422667501566
-0.368190356919224 -0.786474639949906
-0.366938008766437 0.449592986850344
-0.365685660613651 -0.314339386349405
-0.364433312460864 0.921728240450845
-0.363180964308078 0.157795867251096
-0.361928616155291 -0.606136505948654
-0.360676268002505 0.629931120851597
-0.359423919849718 -0.134001252348153
-0.358171571696932 -0.897933625547902
-0.356919223544145 0.338134001252348
-0.355666875391359 -0.425798371947401
-0.354414527238572 0.810269254852849
-0.353162179085786 0.0463368816530996
-0.351909830932999 -0.71759549154665
-0.350657482780213 0.518472135253601
-0.349405134627426 -0.245460237946149
-0.34815278647464 0.990607388854101
-0.346900438321853 0.226675015654352
-0.345648090169067 -0.537257357545398
-0.344395742016281 0.698810269254853
-0.343143393863494 -0.0651221039448967
-0.341891045710708 -0.829054477144646
-0.340638697557921 0.407013149655604
-0.339386349405135 -0.356919223544145
-0.338134001252348 0.879148403256105
-0.336881653099562 0.115216030056356
-0.335629304946775 -0.648716343143394
-0.334376956793989 0.587351283656857
-0.333124608641202 -0.176581089542893
-0.331872260488416 -0.940513462742642
-0.330619912335629 0.295554164057608
-0.329367564182843 -0.468378209142142
-0.328115216030056 0.767689417658109
-0.32686286787727 0.00375704445835945
-0.325610519724483 -0.76017532874139
-0.324358171571697 0.47589229805886
-0.32310582341891 -0.288040075140889
-0.321853475266124 0.948027551659361
-0.320601127113338 0.184095178459612
-0.319348778960551 -0.579837194740138
-0.318096430807765 0.656230432060113
-0.316844082654978 -0.107701941139637
-0.315591734502192 -0.871634314339386
-0.314339386349405 0.364433312460864
-0.313087038196619 -0.399499060738885
-0.311834690043832 0.836568566061365
-0.310582341891046 0.0726361928616155
-0.309329993738259 -0.691296180338134
-0.308077645585473 0.544771446462117
-0.306825297432686 -0.219160926737633
-0.3055729492799 -0.983093299937383
-0.304320601127113 0.252974326862868
-0.303068252974327 -0.510958046336882
-0.30181590482154 0.725109580463369
-0.300563556668754 -0.0388227927363807
-0.299311208515967 -0.80275516593613
-0.298058860363181 0.43331246086412
-0.296806512210394 -0.330619912335629
-0.295554164057608 0.905447714464621
-0.294301815904822 0.141515341264872
-0.293049467752035 -0.622417031934878
-0.291797119599249 0.613650594865373
-0.290544771446462 -0.150281778334377
-0.289292423293676 -0.914214151534126
-0.288040075140889 0.321853475266124
-0.286787726988103 -0.442078897933626
-0.285535378835316 0.793988728866625
-0.28428303068253 0.0300563556668754
-0.283030682529743 -0.733876017532874
-0.281778334376957 0.502191609267376
-0.28052598622417 -0.261740763932373
-0.279273638071384 0.974326862867877
-0.278021289918597 0.210394489668128
-0.276768941765811 -0.553537883531622
-0.275516593613024 0.682529743268629
-0.274264245460238 -0.0814026299311209
-0.273011897307451 -0.84533500313087
-0.271759549154665 0.39073262366938
-0.270507201001879 -0.373199749530369
-0.269254852849092 0.862867877269881
-0.268002504696306 0.0989355040701314
-0.266750156543519 -0.664996869129618
-0.265497808390733 0.571070757670632
-0.264245460237946 -0.192861615529117
-0.26299311208516 -0.956793988728867
-0.261740763932373 0.279273638071384
-0.260488415779587 -0.484658735128366
-0.2592360676268 0.751408891671885
-0.257983719474014 -0.0125234815278648
-0.256731371321227 -0.776455854727614
-0.255479023168441 0.459611772072636
-0.254226675015654 -0.304320601127113
-0.252974326862868 0.931747025673137
-0.251721978710081 0.167814652473388
-0.250469630557295 -0.596117720726362
-0.249217282404508 0.639949906073888
-0.247964934251722 -0.123982467125861
-0.246712586098936 -0.887914840325611
-0.245460237946149 0.34815278647464
-0.244207889793363 -0.41577958672511
-0.242955541640576 0.820288040075141
-0.24170319348779 0.0563556668753913
-0.240450845335003 -0.707576706324358
-0.239198497182217 0.528490920475892
-0.23794614902943 -0.235441452723857
-0.236693800876644 -0.999373825923607
-0.235441452723857 0.236693800876644
-0.234189104571071 -0.527238572323106
-0.232936756418284 0.708829054477145
-0.231684408265498 -0.0551033187226049
-0.230432060112711 -0.819035691922354
-0.229179711959925 0.417031934877896
-0.227927363807138 -0.346900438321853
-0.226675015654352 0.889167188478397
-0.225422667501565 0.125234815278648
-0.224170319348779 -0.638697557921102
-0.222917971195992 0.597370068879148
-0.221665623043206 -0.166562304320601
-0.22041327489042 -0.930494677520351
-0.219160926737633 0.3055729492799
-0.217908578584847 -0.45835942391985
-0.21665623043206 0.777708202880401
-0.215403882279274 0.0137758296806512
-0.214151534126487 -0.750156543519098
-0.212899185973701 0.485911083281152
-0.211646837820914 -0.278021289918597
-0.210394489668128 0.958046336881653
-0.209142141515341 0.194113963681904
-0.207889793362555 -0.569818409517846
-0.206637445209768 0.666249217282405
-0.205385097056982 -0.097683155917345
-0.204132748904195 -0.861615529117095
-0.202880400751409 0.374452097683156
-0.201628052598622 -0.389480275516594
-0.200375704445836 0.846587351283657
-0.199123356293049 0.0826549780839074
-0.197871008140263 -0.681277395115842
-0.196618659987477 0.554790231684408
-0.19536631183469 -0.209142141515341
-0.194113963681904 -0.973074514715091
-0.192861615529117 0.26299311208516
-0.191609267376331 -0.50093926111459
-0.190356919223544 0.735128365685661
-0.189104571070758 -0.028804007514089
-0.187852222917971 -0.792736380713838
-0.186599874765185 0.443331246086412
-0.185347526612398 -0.320601127113338
-0.184095178459612 0.915466499686913
-0.182842830306825 0.151534126487163
-0.181590482154039 -0.612398246712586
-0.180338134001252 0.623669380087664
-0.179085785848466 -0.140262993112085
-0.177833437695679 -0.904195366311835
-0.176581089542893 0.331872260488416
-0.175328741390106 -0.432060112711334
-0.17407639323732 0.804007514088917
-0.172824045084534 0.0400751408891671
-0.171571696931747 -0.723857232310582
-0.170319348778961 0.512210394489668
-0.169067000626174 -0.251721978710081
-0.167814652473388 0.984345648090169
-0.166562304320601 0.22041327489042
-0.165309956167815 -0.54351909830933
-0.164057608015028 0.692548528490921
-0.162805259862242 -0.0713838447088291
-0.161552911709455 -0.835316217908579
-0.160300563556669 0.400751408891672
-0.159048215403882 -0.363180964308078
-0.157795867251096 0.872886662492173
-0.156543519098309 0.108954289292423
-0.155291170945523 -0.654978083907326
-0.154038822792736 0.581089542892924
-0.15278647463995 -0.182842830306825
-0.151534126487163 -0.946775203506575
-0.150281778334377 0.289292423293676
-0.14902943018159 -0.474639949906074
-0.147777082028804 0.761427676894177
-0.146524733876017 -0.00250469630557293
-0.145272385723231 -0.766437069505322
-0.144020037570445 0.469630557294928
-0.142767689417658 -0.294301815904822
-0.141515341264872 0.941765810895429
-0.140262993112085 0.177833437695679
-0.139010644959299 -0.58609893550407
-0.137758296806512 0.64996869129618
-0.136505948653726 -0.113963681903569
-0.135253600500939 -0.877896055103319
-0.134001252348153 0.358171571696932
-0.132748904195366 -0.405760801502818
-0.13149655604258 0.830306825297433
-0.130244207889793 0.0663744520976832
-0.128991859737007 -0.697557921102066
-0.12773951158422 0.538509705698184
-0.126487163431434 -0.225422667501565
-0.125234815278647 -0.989355040701315
-0.123982467125861 0.246712586098935
-0.122730118973075 -0.517219787100814
-0.121477770820288 0.718847839699436
-0.120225422667502 -0.0450845335003131
-0.118973074514715 -0.809016906700063
-0.117720726361929 0.427050720100188
-0.116468378209142 -0.336881653099562
-0.115216030056356 0.899185973700689
-0.113963681903569 0.135253600500939
-0.112711333750783 -0.62867877269881
-0.111458985597996 0.60738885410144
-0.11020663744521 -0.156543519098309
-0.108954289292423 -0.920475892298059
-0.107701941139637 0.315591734502192
-0.10644959298685 -0.448340638697558
-0.105197244834064 0.787726988102692
-0.103944896681277 0.0237946149029431
-0.102692548528491 -0.740137758296807
-0.101440200375704 0.495929868503444
-0.100187852222918 -0.268002504696306
-0.0989355040701315 0.968065122103945
-0.097683155917345 0.204132748904195
-0.0964308077645586 -0.559799624295554
-0.0951784596117721 0.676268002504696
-0.0939261114589856 -0.0876643706950532
-0.0926737633061991 -0.851596743894803
-0.0914214151534126 0.384470882905448
-0.0901690670006262 -0.379461490294302
-0.0889167188478397 0.856606136505949
-0.0876643706950532 0.0926737633061991
-0.0864120225422668 -0.67125860989355
-0.0851596743894802 0.5648090169067
-0.0839073262366938 -0.199123356293049
-0.0826549780839073 -0.963055729492799
-0.0814026299311209 0.273011897307452
-0.0801502817783344 -0.490920475892298
-0.0788979336255479 0.745147150907952
-0.0776455854727615 -0.0187852222917971
-0.0763932373199749 -0.782717595491547
-0.0751408891671885 0.453350031308704
-0.073888541014402 -0.310582341891046
-0.0726361928616155 0.925485284909205
-0.0713838447088291 0.161552911709455
-0.0701314965560426 -0.602379461490294
-0.0688791484032562 0.633688165309956
-0.0676268002504696 -0.130244207889793
-0.0663744520976831 -0.894176581089543
-0.0651221039448967 0.341891045710708
-0.0638697557921102 -0.422041327489042
-0.0626174076393238 0.814026299311209
-0.0613650594865373 0.050093926111459
-0.0601127113337507 -0.713838447088291
-0.0588603631809643 0.52222917971196
-0.0576080150281778 -0.24170319348779
-0.0563556668753914 0.994364433312461
-0.0551033187226049 0.230432060112711
-0.0538509705698184 -0.533500313087038
-0.0525986224170319 0.702567313713212
-0.0513462742642454 -0.0613650594865373
-0.050093926111459 -0.825297432686287
-0.0488415779586725 0.410770194113964
-0.0475892298058861 -0.353162179085786
-0.0463368816530996 0.882905447714465
-0.0450845335003131 0.118973074514715
-0.0438321853475266 -0.644959298685034
-0.0425798371947401 0.591108328115216
-0.0413274890419537 -0.172824045084534
-0.0400751408891672 -0.936756418284283
-0.0388227927363807 0.299311208515967
-0.0375704445835943 -0.464621164683782
-0.0363180964308077 0.771446462116468
-0.0350657482780213 0.0075140889167189
-0.0338134001252348 -0.756418284283031
-0.0325610519724483 0.47964934251722
-0.0313087038196619 -0.28428303068253
-0.0300563556668754 0.951784596117721
-0.028804007514089 0.187852222917971
-0.0275516593613024 -0.576080150281778
-0.0262993112085159 0.659987476518472
-0.0250469630557295 -0.103944896681277
-0.023794614902943 -0.867877269881027
-0.0225422667501566 0.368190356919224
-0.0212899185973701 -0.395742016280526
-0.0200375704445835 0.840325610519725
-0.0187852222917971 0.0763932373199749
-0.0175328741390106 -0.687539135879775
-0.0162805259862242 0.548528490920476
-0.0150281778334377 -0.215403882279274
-0.0137758296806513 -0.979336255479023
-0.0125234815278648 0.256731371321227
-0.0112711333750782 -0.507201001878522
-0.0100187852222918 0.728866624921728
-0.00876643706950531 -0.0350657482780213
-0.0075140889167189 -0.798998121477771
-0.00626174076393238 0.43706950532248
-0.00500939261114586 -0.32686286787727
-0.00375704445835945 0.909204758922981
-0.00250469630557293 0.145272385723231
-0.00125234815278652 -0.618659987476518
0 0.617407639323732
0.00125234815278641 -0.146524733876017
0.00250469630557304 -0.910457107075767
0.00375704445835945 0.325610519724483
0.00500939261114586 -0.438321853475266
0.00626174076393227 0.797745773324984
0.0075140889167189 0.0338134001252348
0.00876643706950531 -0.730118973074515
0.0100187852222917 0.505948653725736
0.0112711333750783 -0.257983719474014
0.0125234815278648 0.978083907326237
0.0137758296806512 0.214151534126487
0.0150281778334378 -0.549780839073262
0.0162805259862242 0.686286787726988
0.0175328741390106 -0.0776455854727615
0.018785222291797 -0.841577958672511
0.0200375704445837 0.394489668127739
0.0212899185973701 -0.36944270507201
0.0225422667501565 0.86662492172824
0.0237946149029431 0.102692548528491
0.0250469630557295 -0.661239824671259
0.0262993112085159 0.574827802128992
0.0275516593613025 -0.189104571070758
0.028804007514089 -0.953036944270507
0.0300563556668754 0.283030682529743
0.0313087038196618 -0.480901690670006
0.0325610519724484 0.755165936130244
0.0338134001252348 -0.00876643706950531
0.0350657482780212 -0.772698810269255
0.0363180964308079 0.463368816530996
0.0375704445835943 -0.300563556668754
0.0388227927363807 0.935504070131497
0.0400751408891671 0.171571696931747
0.0413274890419537 -0.592360676268002
0.0425798371947401 0.643706950532248
0.0438321853475265 -0.120225422667502
0.0450845335003132 -0.884157795867251
0.0463368816530996 0.351909830932999
0.047589229805886 -0.41202254226675
0.0488415779586726 0.8240450845335
0.050093926111459 0.0601127113337507
0.0513462742642454 -0.703819661865999
0.0525986224170318 0.532247964934252
0.0538509705698185 -0.231684408265498
0.0551033187226049 -0.995616781465247
0.0563556668753913 0.240450845335003
0.0576080150281779 -0.523481527864746
0.0588603631809643 0.712586098935504
0.0601127113337507 -0.0513462742642454
0.0613650594865374 -0.815278647463995
0.0626174076393238 0.420788979336256
0.0638697557921102 -0.343143393863494
0.0651221039448966 0.892924232936756
0.0663744520976832 0.128991859737007
0.0676268002504696 -0.634940513462743
0.068879148403256 0.601127113337508
0.0701314965560427 -0.162805259862242
0.0713838447088291 -0.926737633061991
0.0726361928616155 0.309329993738259
0.0738885410144019 -0.45460237946149
0.0751408891671885 0.78146524733876
0.0763932373199749 0.0175328741390106
0.0776455854727613 -0.746399499060739
0.078897933625548 0.489668127739512
0.0801502817783344 -0.274264245460238
0.0814026299311208 0.961803381340012
0.0826549780839074 0.197871008140263
0.0839073262366938 -0.566061365059487
0.0851596743894802 0.670006261740764
0.0864120225422667 -0.0939261114589856
0.0876643706950533 -0.857858484658735
0.0889167188478397 0.378209142141515
0.0901690670006261 -0.385723231058234
0.0914214151534127 0.850344395742016
0.0926737633061991 0.0864120225422667
0.0939261114589856 -0.677520350657483
0.0951784596117722 0.558547276142768
0.0964308077645586 -0.205385097056982
0.097683155917345 -0.969317470256731
0.0989355040701314 0.266750156543519
0.100187852222918 -0.49718221665623
0.101440200375704 0.73888541014402
0.102692548528491 -0.0250469630557295
0.103944896681277 -0.788979336255479
0.105197244834064 0.447088290544772
0.10644959298685 -0.316844082654978
0.107701941139637 0.919223544145272
0.108954289292423 0.155291170945523
0.11020663744521 -0.608641202254227
0.111458985597996 0.627426424546024
0.112711333750783 -0.136505948653726
0.113963681903569 -0.900438321853475
0.115216030056356 0.335629304946775
0.116468378209142 -0.428303068252974
0.117720726361929 0.807764558547276
0.118973074514715 0.0438321853475265
0.120225422667501 -0.720100187852223
0.121477770820288 0.515967438948028
0.122730118973075 -0.247964934251722
0.123982467125861 0.988102692548529
0.125234815278648 0.224170319348779
0.126487163431434 -0.539762053850971
0.12773951158422 0.69630557294928
0.128991859737007 -0.0676268002504696
0.130244207889793 -0.831559173450219
0.13149655604258 0.404508453350031
0.132748904195366 -0.359423919849718
0.134001252348153 0.876643706950532
0.135253600500939 0.112711333750783
0.136505948653726 -0.651221039448967
0.137758296806512 0.584846587351284
0.139010644959299 -0.179085785848466
0.140262993112085 -0.943018159048215
0.141515341264872 0.293049467752035
0.142767689417658 -0.470882905447714
0.144020037570445 0.765184721352536
0.145272385723231 0.00125234815278641
0.146524733876018 -0.762680025046963
0.147777082028804 0.473387601753287
0.14902943018159 -0.290544771446462
0.150281778334377 0.945522855353788
0.151534126487163 0.181590482154039
0.15278647463995 -0.582341891045711
0.154038822792736 0.65372573575454
0.155291170945523 -0.11020663744521
0.156543519098309 -0.874139010644959
0.157795867251096 0.361928616155291
0.159048215403882 -0.402003757044458
0.160300563556669 0.834063869755792
0.161552911709455 0.0701314965560427
0.162805259862242 -0.693800876643707
0.164057608015028 0.542266750156543
0.165309956167815 -0.221665623043206
0.166562304320601 -0.985597996242956
0.167814652473388 0.250469630557295
0.169067000626174 -0.513462742642455
0.17031934877896 0.722604884157796
0.171571696931747 -0.0413274890419537
0.172824045084534 -0.805259862241703
0.17407639323732 0.430807764558547
0.175328741390106 -0.333124608641202
0.176581089542893 0.902943018159048
0.177833437695679 0.139010644959299
0.179085785848466 -0.624921728240451
0.180338134001252 0.6111458985598
0.181590482154039 -0.15278647463995
0.182842830306825 -0.916718847839699
0.184095178459612 0.319348778960551
0.185347526612398 -0.444583594239198
0.186599874765185 0.791484032561052
0.187852222917971 0.0275516593613025
0.189104571070758 -0.736380713838447
0.190356919223544 0.499686912961803
0.191609267376331 -0.264245460237946
0.192861615529117 0.971822166562304
0.194113963681904 0.207889793362555
0.19536631183469 -0.556042579837195
0.196618659987477 0.680025046963056
0.197871008140263 -0.0839073262366938
0.199123356293049 -0.847839699436443
0.200375704445836 0.388227927363807
0.201628052598622 -0.375704445835942
0.202880400751409 0.860363180964308
0.204132748904195 0.0964308077645586
0.205385097056982 -0.667501565435191
0.206637445209768 0.568566061365059
0.207889793362555 -0.19536631183469
0.209142141515341 -0.95929868503444
0.210394489668128 0.276768941765811
0.211646837820914 -0.487163431433939
0.212899185973701 0.748904195366312
0.214151534126487 -0.0150281778334377
0.215403882279274 -0.778960551033187
0.21665623043206 0.457107075767063
0.217908578584847 -0.306825297432686
0.219160926737633 0.929242329367564
0.22041327489042 0.165309956167815
0.221665623043206 -0.598622417031935
0.222917971195993 0.637445209768316
0.224170319348779 -0.126487163431434
0.225422667501565 -0.890419536631183
0.226675015654352 0.345648090169067
0.227927363807138 -0.418284283030683
0.229179711959925 0.817783343769568
0.230432060112711 0.0538509705698185
0.231684408265498 -0.710081402629931
0.232936756418284 0.525986224170319
0.234189104571071 -0.23794614902943
0.235441452723857 0.99812147777082
0.236693800876644 0.234189104571071
0.23794614902943 -0.529743268628679
0.239198497182217 0.706324358171572
0.240450845335003 -0.0576080150281778
0.24170319348779 -0.821540388227927
0.242955541640576 0.414527238572323
0.244207889793363 -0.349405134627426
0.245460237946149 0.886662492172824
0.246712586098935 0.122730118973075
0.247964934251722 -0.641202254226675
0.249217282404508 0.594865372573576
0.250469630557295 -0.169067000626174
0.251721978710082 -0.932999373825924
0.252974326862868 0.303068252974327
0.254226675015654 -0.460864120225423
0.255479023168441 0.775203506574828
0.256731371321227 0.0112711333750783
0.257983719474014 -0.752661239824671
0.2592360676268 0.483406386975579
0.260488415779587 -0.28052598622417
0.261740763932373 0.95554164057608
0.26299311208516 0.191609267376331
0.264245460237946 -0.572323105823419
0.265497808390733 0.663744520976832
0.266750156543519 -0.100187852222918
0.268002504696305 -0.864120225422668
0.269254852849092 0.371947401377583
0.270507201001879 -0.391984971822167
0.271759549154665 0.844082654978084
0.273011897307452 0.0801502817783344
0.274264245460238 -0.683782091421415
0.275516593613024 0.552285535378835
0.276768941765811 -0.211646837820914
0.278021289918597 -0.975579211020664
0.279273638071384 0.260488415779587
0.28052598622417 -0.503443957420163
0.281778334376957 0.732623669380088
0.283030682529743 -0.0313087038196619
0.28428303068253 -0.795241077019411
0.285535378835316 0.440826549780839
0.286787726988103 -0.32310582341891
0.288040075140889 0.91296180338134
0.289292423293676 0.14902943018159
0.290544771446462 -0.614902943018159
0.291797119599249 0.621164683782091
0.293049467752035 -0.142767689417658
0.294301815904822 -0.906700062617408
0.295554164057608 0.329367564182843
0.296806512210394 -0.434564809016907
0.298058860363181 0.801502817783344
0.299311208515967 0.0375704445835943
0.300563556668754 -0.726361928616155
0.30181590482154 0.509705698184095
0.303068252974327 -0.254226675015654
0.304320601127113 0.981840951784596
0.3055729492799 0.217908578584847
0.306825297432686 -0.546023794614903
0.308077645585473 0.690043832185347
0.309329993738259 -0.073888541014402
0.310582341891046 -0.837820914214152
0.311834690043832 0.398246712586099
0.313087038196619 -0.365685660613651
0.314339386349405 0.8703819661866
0.315591734502192 0.10644959298685
0.316844082654978 -0.657482780212899
0.318096430807765 0.578584846587351
0.319348778960551 -0.185347526612398
0.320601127113338 -0.949279899812148
0.321853475266124 0.286787726988103
0.32310582341891 -0.477144646211647
0.324358171571697 0.758922980588604
0.325610519724483 -0.00500939261114586
0.32686286787727 -0.768941765810895
0.328115216030056 0.467125860989355
0.329367564182843 -0.296806512210394
0.330619912335629 0.939261114589856
0.331872260488416 0.175328741390106
0.333124608641202 -0.588603631809643
0.334376956793989 0.647463994990607
0.335629304946775 -0.116468378209142
0.336881653099562 -0.880400751408892
0.338134001252348 0.355666875391359
0.339386349405135 -0.408265497808391
0.340638697557921 0.82780212899186
0.341891045710708 0.0638697557921102
0.343143393863494 -0.700062617407639
0.34439574201628 0.536005009392611
0.345648090169067 -0.227927363807138
0.346900438321853 -0.991859737006888
0.34815278647464 0.244207889793363
0.349405134627427 -0.519724483406387
0.350657482780213 0.716343143393863
0.351909830932999 -0.0475892298058861
0.353162179085786 -0.811521603005636
0.354414527238572 0.424546023794615
0.355666875391359 -0.339386349405135
0.356919223544145 0.896681277395116
0.358171571696932 0.132748904195366
0.359423919849718 -0.631183469004383
0.360676268002505 0.604884157795867
0.361928616155291 -0.159048215403882
0.363180964308078 -0.922980588603632
0.364433312460864 0.313087038196619
0.36568566061365 -0.450845335003131
0.366938008766437 0.78522229179712
0.368190356919224 0.0212899185973701
0.36944270507201 -0.74264245460238
0.370695053224797 0.493425172197871
0.371947401377583 -0.270507201001879
0.373199749530369 0.965560425798372
0.374452097683156 0.201628052598622
0.375704445835942 -0.562304320601127
0.376956793988729 0.673763306199123
0.378209142141515 -0.0901690670006262
0.379461490294302 -0.854101440200376
0.380713838447088 0.381966186599875
0.381966186599875 -0.381966186599875
0.383218534752661 0.854101440200376
0.384470882905448 0.0901690670006261
0.385723231058234 -0.673763306199123
0.386975579211021 0.562304320601127
0.388227927363807 -0.201628052598622
0.389480275516594 -0.965560425798372
0.39073262366938 0.270507201001879
0.391984971822167 -0.493425172197871
0.393237319974953 0.74264245460238
0.394489668127739 -0.0212899185973701
0.395742016280526 -0.78522229179712
0.396994364433312 0.450845335003131
0.398246712586099 -0.313087038196619
0.399499060738885 0.922980588603632
0.400751408891672 0.159048215403882
0.402003757044458 -0.604884157795867
0.403256105197245 0.631183469004383
0.404508453350031 -0.132748904195366
0.405760801502818 -0.896681277395116
0.407013149655604 0.339386349405135
0.408265497808391 -0.424546023794615
0.409517845961177 0.811521603005636
0.410770194113964 0.047589229805886
0.41202254226675 -0.716343143393864
0.413274890419537 0.519724483406387
0.414527238572323 -0.244207889793363
0.41577958672511 0.991859737006888
0.417031934877896 0.227927363807138
0.418284283030683 -0.536005009392611
0.419536631183469 0.700062617407639
0.420788979336256 -0.0638697557921102
0.422041327489042 -0.82780212899186
0.423293675641828 0.408265497808391
0.424546023794615 -0.355666875391359
0.425798371947401 0.880400751408892
0.427050720100188 0.116468378209142
0.428303068252974 -0.647463994990607
0.429555416405761 0.588603631809643
0.430807764558547 -0.175328741390106
0.432060112711334 -0.939261114589856
0.43331246086412 0.296806512210394
0.434564809016907 -0.467125860989355
0.435817157169693 0.768941765810895
0.43706950532248 0.00500939261114586
0.438321853475266 -0.758922980588604
0.439574201628053 0.477144646211647
0.440826549780839 -0.286787726988103
0.442078897933626 0.949279899812148
0.443331246086412 0.185347526612398
0.444583594239198 -0.578584846587351
0.445835942391985 0.657482780212899
0.447088290544772 -0.10644959298685
0.448340638697558 -0.8703819661866
0.449592986850344 0.36568566061365
0.450845335003131 -0.398246712586099
0.452097683155917 0.837820914214152
0.453350031308704 0.0738885410144019
0.45460237946149 -0.690043832185347
0.455854727614277 0.546023794614903
0.457107075767063 -0.217908578584847
0.45835942391985 -0.981840951784596
0.459611772072636 0.254226675015654
0.460864120225423 -0.509705698184095
0.462116468378209 0.726361928616155
0.463368816530996 -0.0375704445835943
0.464621164683782 -0.801502817783344
0.465873512836569 0.434564809016907
0.467125860989355 -0.329367564182843
0.468378209142142 0.906700062617408
0.469630557294928 0.142767689417658
0.470882905447714 -0.621164683782091
0.472135253600501 0.614902943018159
0.473387601753287 -0.14902943018159
0.474639949906074 -0.91296180338134
0.47589229805886 0.32310582341891
0.477144646211647 -0.440826549780839
0.478396994364433 0.795241077019411
0.47964934251722 0.0313087038196618
0.480901690670006 -0.732623669380088
0.482154038822793 0.503443957420163
0.483406386975579 -0.260488415779587
0.484658735128366 0.975579211020664
0.485911083281152 0.211646837820914
0.487163431433939 -0.552285535378835
0.488415779586725 0.683782091421415
0.489668127739512 -0.0801502817783344
0.490920475892298 -0.844082654978084
0.492172824045084 0.391984971822167
0.493425172197871 -0.371947401377583
0.494677520350657 0.864120225422667
0.495929868503444 0.100187852222918
0.497182216656231 -0.663744520976832
0.498434564809017 0.572323105823419
0.499686912961803 -0.191609267376331
0.50093926111459 -0.95554164057608
0.502191609267376 0.28052598622417
0.503443957420163 -0.483406386975579
0.504696305572949 0.752661239824671
0.505948653725736 -0.0112711333750782
0.507201001878522 -0.775203506574828
0.508453350031309 0.460864120225423
0.509705698184095 -0.303068252974327
0.510958046336882 0.932999373825924
0.512210394489668 0.169067000626174
0.513462742642455 -0.594865372573576
0.514715090795241 0.641202254226675
0.515967438948028 -0.122730118973075
0.517219787100814 -0.886662492172824
0.518472135253601 0.349405134627427
0.519724483406387 -0.414527238572323
0.520976831559173 0.821540388227927
0.52222917971196 0.0576080150281779
0.523481527864746 -0.706324358171572
0.524733876017533 0.529743268628679
0.525986224170319 -0.234189104571071
0.527238572323106 -0.99812147777082
0.528490920475892 0.23794614902943
0.529743268628679 -0.525986224170319
0.530995616781465 0.710081402629931
0.532247964934252 -0.0538509705698184
0.533500313087038 -0.817783343769568
0.534752661239825 0.418284283030683
0.536005009392611 -0.345648090169067
0.537257357545398 0.890419536631184
0.538509705698184 0.126487163431434
0.539762053850971 -0.637445209768316
0.541014402003757 0.598622417031935
0.542266750156543 -0.165309956167815
0.54351909830933 -0.929242329367564
0.544771446462117 0.306825297432686
0.546023794614903 -0.457107075767063
0.547276142767689 0.778960551033187
0.548528490920476 0.0150281778334378
0.549780839073262 -0.748904195366312
0.551033187226049 0.487163431433939
0.552285535378835 -0.276768941765811
0.553537883531622 0.95929868503444
0.554790231684408 0.19536631183469
0.556042579837195 -0.568566061365059
0.557294927989981 0.667501565435191
0.558547276142768 -0.0964308077645586
0.559799624295554 -0.860363180964308
0.561051972448341 0.375704445835942
0.562304320601127 -0.388227927363807
0.563556668753914 0.847839699436443
0.5648090169067 0.0839073262366938
0.566061365059487 -0.680025046963056
0.567313713212273 0.556042579837195
0.568566061365059 -0.207889793362555
0.569818409517846 -0.971822166562304
0.571070757670632 0.264245460237946
0.572323105823419 -0.499686912961803
0.573575453976205 0.736380713838447
0.574827802128992 -0.0275516593613024
0.576080150281778 -0.791484032561052
0.577332498434565 0.444583594239198
0.578584846587351 -0.319348778960551
0.579837194740138 0.916718847839699
0.581089542892924 0.15278647463995
0.582341891045711 -0.6111458985598
0.583594239198497 0.624921728240451
0.584846587351284 -0.139010644959299
0.58609893550407 -0.902943018159048
0.587351283656857 0.333124608641202
0.588603631809643 -0.430807764558547
0.58985597996243 0.805259862241703
0.591108328115216 0.0413274890419537
0.592360676268002 -0.722604884157796
0.593613024420789 0.513462742642455
0.594865372573576 -0.250469630557295
0.596117720726362 0.985597996242956
0.597370068879148 0.221665623043206
0.598622417031935 -0.542266750156543
0.599874765184721 0.693800876643707
0.601127113337508 -0.0701314965560426
0.602379461490294 -0.834063869755792
0.603631809643081 0.402003757044458
0.604884157795867 -0.361928616155291
0.606136505948654 0.874139010644959
0.60738885410144 0.11020663744521
0.608641202254227 -0.65372573575454
0.609893550407013 0.582341891045711
0.6111458985598 -0.181590482154039
0.612398246712586 -0.945522855353788
0.613650594865373 0.290544771446462
0.614902943018159 -0.473387601753287
0.616155291170946 0.762680025046963
0.617407639323732 -0.00125234815278652
0.618659987476518 -0.765184721352536
0.619912335629305 0.470882905447714
0.621164683782091 -0.293049467752035
0.622417031934878 0.943018159048215
0.623669380087664 0.179085785848466
0.624921728240451 -0.584846587351284
0.626174076393237 0.651221039448967
0.627426424546024 -0.112711333750783
0.62867877269881 -0.876643706950532
0.629931120851597 0.359423919849718
0.631183469004383 -0.404508453350031
0.63243581715717 0.831559173450219
0.633688165309956 0.0676268002504696
0.634940513462743 -0.69630557294928
0.636192861615529 0.539762053850971
0.637445209768316 -0.224170319348779
0.638697557921102 -0.988102692548528
0.639949906073888 0.247964934251722
0.641202254226675 -0.515967438948028
0.642454602379462 0.720100187852223
0.643706950532248 -0.0438321853475266
0.644959298685035 -0.807764558547276
0.646211646837821 0.428303068252974
0.647463994990607 -0.335629304946775
0.648716343143394 0.900438321853475
0.64996869129618 0.136505948653726
0.651221039448967 -0.627426424546024
0.652473387601753 0.608641202254227
0.65372573575454 -0.155291170945523
0.654978083907326 -0.919223544145272
0.656230432060113 0.316844082654978
0.657482780212899 -0.447088290544771
0.658735128365686 0.788979336255479
0.659987476518472 0.0250469630557295
0.661239824671259 -0.73888541014402
0.662492172824045 0.497182216656231
0.663744520976832 -0.266750156543519
0.664996869129618 0.969317470256731
0.666249217282405 0.205385097056982
0.667501565435191 -0.558547276142768
0.668753913587977 0.677520350657483
0.670006261740764 -0.0864120225422668
0.67125860989355 -0.850344395742016
0.672510958046337 0.385723231058234
0.673763306199123 -0.378209142141515
0.67501565435191 0.857858484658735
0.676268002504696 0.0939261114589856
0.677520350657483 -0.670006261740764
0.678772698810269 0.566061365059487
0.680025046963056 -0.197871008140263
0.681277395115842 -0.961803381340013
0.682529743268629 0.274264245460238
0.683782091421415 -0.489668127739512
0.685034439574202 0.746399499060739
0.686286787726988 -0.0175328741390106
0.687539135879775 -0.78146524733876
0.688791484032561 0.45460237946149
0.690043832185347 -0.309329993738259
0.691296180338134 0.926737633061991
0.692548528490921 0.162805259862242
0.693800876643707 -0.601127113337508
0.695053224796493 0.634940513462743
0.69630557294928 -0.128991859737007
0.697557921102066 -0.892924232936756
0.698810269254853 0.343143393863494
0.700062617407639 -0.420788979336255
0.701314965560426 0.815278647463995
0.702567313713212 0.0513462742642454
0.703819661865999 -0.712586098935504
0.705072010018785 0.523481527864746
0.706324358171572 -0.240450845335003
0.707576706324358 0.995616781465247
0.708829054477145 0.231684408265498
0.710081402629931 -0.532247964934252
0.711333750782718 0.703819661865999
0.712586098935504 -0.0601127113337507
0.713838447088291 -0.8240450845335
0.715090795241077 0.41202254226675
0.716343143393863 -0.351909830932999
0.71759549154665 0.884157795867251
0.718847839699436 0.120225422667501
0.720100187852223 -0.643706950532248
0.721352536005009 0.592360676268002
0.722604884157796 -0.171571696931747
0.723857232310582 -0.935504070131497
0.725109580463369 0.300563556668754
0.726361928616155 -0.463368816530996
0.727614276768942 0.772698810269255
0.728866624921728 0.00876643706950531
0.730118973074515 -0.755165936130244
0.731371321227301 0.480901690670006
0.732623669380088 -0.283030682529743
0.733876017532874 0.953036944270507
0.735128365685661 0.189104571070758
0.736380713838447 -0.574827802128992
0.737633061991233 0.661239824671259
0.73888541014402 -0.102692548528491
0.740137758296807 -0.86662492172824
0.741390106449593 0.36944270507201
0.74264245460238 -0.39448966812774
0.743894802755166 0.841577958672511
0.745147150907952 0.0776455854727613
0.746399499060739 -0.686286787726988
0.747651847213525 0.549780839073262
0.748904195366312 -0.214151534126487
0.750156543519098 -0.978083907326237
0.751408891671885 0.257983719474014
0.752661239824671 -0.505948653725736
0.753913587977458 0.730118973074515
0.755165936130244 -0.0338134001252348
0.756418284283031 -0.797745773324984
0.757670632435817 0.438321853475266
0.758922980588604 -0.325610519724483
0.76017532874139 0.910457107075767
0.761427676894177 0.146524733876018
0.762680025046963 -0.617407639323732
0.76393237319975 0.618659987476518
0.765184721352536 -0.145272385723231
0.766437069505322 -0.909204758922981
0.767689417658109 0.32686286787727
0.768941765810895 -0.43706950532248
0.770194113963682 0.798998121477771
0.771446462116468 0.0350657482780212
0.772698810269255 -0.728866624921728
0.773951158422041 0.507201001878522
0.775203506574828 -0.256731371321227
0.776455854727614 0.979336255479023
0.777708202880401 0.215403882279274
0.778960551033187 -0.548528490920476
0.780212899185974 0.687539135879775
0.78146524733876 -0.0763932373199749
0.782717595491547 -0.840325610519725
0.783969943644333 0.395742016280526
0.78522229179712 -0.368190356919224
0.786474639949906 0.867877269881027
0.787726988102692 0.103944896681277
0.788979336255479 -0.659987476518472
0.790231684408266 0.576080150281778
0.791484032561052 -0.187852222917971
0.792736380713838 -0.951784596117721
0.793988728866625 0.28428303068253
0.795241077019411 -0.47964934251722
0.796493425172198 0.756418284283031
0.797745773324984 -0.0075140889167189
0.798998121477771 -0.771446462116468
0.800250469630557 0.464621164683782
0.801502817783344 -0.299311208515967
0.80275516593613 0.936756418284283
0.804007514088917 0.172824045084534
0.805259862241703 -0.591108328115216
0.80651221039449 0.644959298685035
0.807764558547276 -0.118973074514715
0.809016906700063 -0.882905447714465
0.810269254852849 0.353162179085786
0.811521603005636 -0.410770194113964
0.812773951158422 0.825297432686287
0.814026299311209 0.0613650594865374
0.815278647463995 -0.702567313713212
0.816530995616781 0.533500313087038
0.817783343769568 -0.230432060112711
0.819035691922354 -0.994364433312461
0.820288040075141 0.24170319348779
0.821540388227927 -0.52222917971196
0.822792736380714 0.713838447088291
0.8240450845335 -0.050093926111459
0.825297432686287 -0.814026299311209
0.826549780839073 0.422041327489042
0.82780212899186 -0.341891045710708
0.829054477144646 0.894176581089543
0.830306825297433 0.130244207889793
0.831559173450219 -0.633688165309956
0.832811521603006 0.602379461490294
0.834063869755792 -0.161552911709455
0.835316217908579 -0.925485284909205
0.836568566061365 0.310582341891046
0.837820914214152 -0.453350031308704
0.839073262366938 0.782717595491547
0.840325610519725 0.018785222291797
0.841577958672511 -0.745147150907952
0.842830306825297 0.490920475892298
0.844082654978084 -0.273011897307451
0.84533500313087 0.963055729492799
0.846587351283657 0.199123356293049
0.847839699436443 -0.5648090169067
0.84909204758923 0.67125860989355
0.850344395742016 -0.0926737633061991
0.851596743894803 -0.856606136505949
0.852849092047589 0.379461490294302
0.854101440200376 -0.384470882905448
0.855353788353162 0.851596743894803
0.856606136505949 0.0876643706950533
0.857858484658735 -0.676268002504696
0.859110832811522 0.559799624295554
0.860363180964308 -0.204132748904195
0.861615529117095 -0.968065122103945
0.862867877269881 0.268002504696305
0.864120225422667 -0.495929868503444
0.865372573575454 0.740137758296807
0.86662492172824 -0.023794614902943
0.867877269881027 -0.787726988102692
0.869129618033814 0.448340638697558
0.8703819661866 -0.315591734502192
0.871634314339386 0.920475892298059
0.872886662492173 0.156543519098309
0.874139010644959 -0.60738885410144
0.875391358797746 0.62867877269881
0.876643706950532 -0.135253600500939
0.877896055103319 -0.899185973700689
0.879148403256105 0.336881653099562
0.880400751408892 -0.427050720100188
0.881653099561678 0.809016906700063
0.882905447714465 0.0450845335003132
0.884157795867251 -0.718847839699436
0.885410144020037 0.517219787100814
0.886662492172824 -0.246712586098936
0.887914840325611 0.989355040701315
0.889167188478397 0.225422667501565
0.890419536631184 -0.538509705698184
0.89167188478397 0.697557921102066
0.892924232936756 -0.0663744520976831
0.894176581089543 -0.830306825297433
0.895428929242329 0.405760801502818
0.896681277395116 -0.358171571696932
0.897933625547902 0.877896055103319
0.899185973700689 0.113963681903569
0.900438321853475 -0.64996869129618
0.901690670006262 0.58609893550407
0.902943018159048 -0.177833437695679
0.904195366311835 -0.941765810895429
0.905447714464621 0.294301815904822
0.906700062617408 -0.469630557294928
0.907952410770194 0.766437069505322
0.909204758922981 0.00250469630557304
0.910457107075767 -0.761427676894177
0.911709455228554 0.474639949906074
0.91296180338134 -0.289292423293676
0.914214151534126 0.946775203506575
0.915466499686913 0.182842830306825
0.916718847839699 -0.581089542892924
0.917971195992486 0.654978083907326
0.919223544145272 -0.108954289292423
0.920475892298059 -0.872886662492173
0.921728240450845 0.363180964308078
0.922980588603632 -0.400751408891672
0.924232936756418 0.835316217908579
0.925485284909205 0.0713838447088291
0.926737633061991 -0.692548528490921
0.927989981214778 0.54351909830933
0.929242329367564 -0.22041327489042
0.930494677520351 -0.984345648090169
0.931747025673137 0.251721978710082
0.932999373825924 -0.512210394489668
0.93425172197871 0.723857232310582
0.935504070131497 -0.0400751408891672
0.936756418284283 -0.804007514088917
0.93800876643707 0.432060112711334
0.939261114589856 -0.331872260488416
0.940513462742642 0.904195366311835
0.941765810895429 0.140262993112085
0.943018159048215 -0.623669380087664
0.944270507201002 0.612398246712586
0.945522855353788 -0.151534126487163
0.946775203506575 -0.915466499686913
0.948027551659361 0.320601127113338
0.949279899812148 -0.443331246086412
0.950532247964934 0.792736380713838
0.951784596117721 0.028804007514089
0.953036944270507 -0.735128365685661
0.954289292423294 0.50093926111459
0.95554164057608 -0.26299311208516
0.956793988728867 0.973074514715091
0.958046336881653 0.209142141515341
0.95929868503444 -0.554790231684408
0.960551033187226 0.681277395115842
0.961803381340012 -0.0826549780839073
0.963055729492799 -0.846587351283657
0.964308077645585 0.389480275516594
0.965560425798372 -0.374452097683156
0.966812773951158 0.861615529117095
0.968065122103945 0.097683155917345
0.969317470256731 -0.666249217282404
0.970569818409518 0.569818409517846
0.971822166562304 -0.194113963681904
0.973074514715091 -0.958046336881653
0.974326862867877 0.278021289918597
0.975579211020664 -0.485911083281152
0.97683155917345 0.750156543519098
0.978083907326237 -0.0137758296806513
0.979336255479023 -0.777708202880401
0.98058860363181 0.45835942391985
0.981840951784596 -0.3055729492799
0.983093299937383 0.930494677520351
0.984345648090169 0.166562304320601
0.985597996242956 -0.597370068879148
0.986850344395742 0.638697557921102
0.988102692548529 -0.125234815278647
0.989355040701315 -0.889167188478397
0.990607388854101 0.346900438321853
0.991859737006888 -0.417031934877896
0.993112085159674 0.819035691922354
0.994364433312461 0.0551033187226049
0.995616781465247 -0.708829054477145
0.996869129618034 0.527238572323106
0.99812147777082 -0.236693800876644
0.999373825923607 0.999373825923607
