-0.999613003095975 0.235681114551084
-0.998839009287926 -0.528250773993808
-0.998065015479876 0.7078173374613
-0.997291021671827 -0.0561145510835913
-0.996517027863777 -0.820046439628483
-0.995743034055728 0.416021671826625
-0.994969040247678 -0.347910216718266
-0.994195046439629 0.888157894736842
-0.993421052631579 0.12422600619195
-0.992647058823529 -0.639705882352941
-0.99187306501548 0.596362229102167
-0.99109907120743 -0.167569659442725
-0.990325077399381 -0.931501547987616
-0.989551083591331 0.304566563467492
-0.988777089783282 -0.459365325077399
-0.988003095975232 0.776702786377709
-0.987229102167183 0.0127708978328174
-0.986455108359133 -0.751160990712074
-0.985681114551084 0.484907120743034
-0.984907120743034 -0.279024767801858
-0.984133126934985 0.957043343653251
-0.983359133126935 0.193111455108359
-0.982585139318885 -0.570820433436533
-0.981811145510836 0.665247678018576
-0.981037151702786 -0.0986842105263158
-0.980263157894737 -0.862616099071207
-0.979489164086687 0.373452012383901
-0.978715170278638 -0.390479876160991
-0.977941176470588 0.845588235294118
-0.977167182662539 0.0816563467492259
-0.976393188854489 -0.682275541795666
-0.97561919504644 0.553792569659443
-0.97484520123839 -0.210139318885449
-0.974071207430341 -0.974071207430341
-0.973297213622291 0.261996904024768
-0.972523219814242 -0.501934984520124
-0.971749226006192 0.734133126934984
-0.970975232198142 -0.0297987616099071
-0.970201238390093 -0.793730650154799
-0.969427244582043 0.442337461300309
-0.968653250773994 -0.321594427244582
-0.967879256965944 0.914473684210526
-0.967105263157895 0.150541795665635
-0.966331269349845 -0.613390092879257
-0.965557275541796 0.622678018575851
-0.964783281733746 -0.14125386996904
-0.964009287925697 -0.905185758513932
-0.963235294117647 0.330882352941176
-0.962461300309598 -0.433049535603715
-0.961687306501548 0.803018575851393
-0.960913312693498 0.0390866873065014
-0.960139318885449 -0.72484520123839
-0.959365325077399 0.511222910216718
-0.95859133126935 -0.252708978328173
-0.9578173374613 0.983359133126935
-0.957043343653251 0.219427244582043
-0.956269349845201 -0.544504643962848
-0.955495356037152 0.69156346749226
-0.954721362229102 -0.0723684210526315
-0.953947368421053 -0.836300309597523
-0.953173374613003 0.399767801857585
-0.952399380804954 -0.364164086687306
-0.951625386996904 0.871904024767802
-0.950851393188854 0.10797213622291
-0.950077399380805 -0.655959752321981
-0.949303405572755 0.580108359133127
-0.948529411764706 -0.183823529411765
-0.947755417956656 -0.947755417956656
-0.946981424148607 0.288312693498452
-0.946207430340557 -0.47561919504644
-0.945433436532508 0.760448916408669
-0.944659442724458 -0.00348297213622295
-0.943885448916409 -0.767414860681115
-0.943111455108359 0.468653250773994
-0.94233746130031 -0.295278637770898
-0.94156346749226 0.940789473684211
-0.940789473684211 0.176857585139319
-0.940015479876161 -0.587074303405573
-0.939241486068111 0.648993808049536
-0.938467492260062 -0.114938080495356
-0.937693498452012 -0.878869969040248
-0.936919504643963 0.357198142414861
-0.936145510835913 -0.406733746130031
-0.935371517027864 0.829334365325077
-0.934597523219814 0.0654024767801857
-0.933823529411765 -0.698529411764706
-0.933049535603715 0.537538699690403
-0.932275541795666 -0.226393188854489
-0.931501547987616 -0.990325077399381
-0.930727554179567 0.245743034055728
-0.929953560371517 -0.518188854489164
-0.929179566563467 0.717879256965944
-0.928405572755418 -0.0460526315789473
-0.927631578947368 -0.809984520123839
-0.926857585139319 0.426083591331269
-0.926083591331269 -0.337848297213622
-0.92530959752322 0.898219814241486
-0.92453560371517 0.134287925696595
-0.923761609907121 -0.629643962848297
-0.922987616099071 0.606424148606811
-0.922213622291022 -0.157507739938081
-0.921439628482972 -0.921439628482972
-0.920665634674923 0.314628482972136
-0.919891640866873 -0.449303405572755
-0.919117647058823 0.786764705882353
-0.918343653250774 0.0228328173374612
-0.917569659442725 -0.74109907120743
-0.916795665634675 0.494969040247678
-0.916021671826625 -0.268962848297214
-0.915247678018576 0.967105263157895
-0.914473684210526 0.203173374613003
-0.913699690402477 -0.560758513931888
-0.912925696594427 0.67530959752322
-0.912151702786378 -0.0886222910216719
-0.911377708978328 -0.852554179566563
-0.910603715170279 0.383513931888545
-0.909829721362229 -0.380417956656347
-0.90905572755418 0.855650154798762
-0.90828173374613 0.09171826625387
-0.907507739938081 -0.672213622291022
-0.906733746130031 0.563854489164087
-0.905959752321981 -0.200077399380805
-0.905185758513932 -0.964009287925697
-0.904411764705882 0.272058823529412
-0.903637770897833 -0.49187306501548
-0.902863777089783 0.744195046439629
-0.902089783281734 -0.0197368421052632
-0.901315789473684 -0.783668730650155
-0.900541795665635 0.452399380804954
-0.899767801857585 -0.311532507739938
-0.898993808049536 0.92453560371517
-0.898219814241486 0.160603715170279
-0.897445820433437 -0.603328173374613
-0.896671826625387 0.632739938080495
-0.895897832817337 -0.131191950464396
-0.895123839009288 -0.895123839009288
-0.894349845201238 0.34094427244582
-0.893575851393189 -0.422987616099071
-0.892801857585139 0.813080495356037
-0.89202786377709 0.0491486068111455
-0.89125386996904 -0.714783281733746
-0.890479876160991 0.521284829721362
-0.889705882352941 -0.242647058823529
-0.888931888544892 0.993421052631579
-0.888157894736842 0.229489164086687
-0.887383900928793 -0.534442724458204
-0.886609907120743 0.701625386996904
-0.885835913312694 -0.0623065015479877
-0.885061919504644 -0.826238390092879
-0.884287925696594 0.409829721362229
-0.883513931888545 -0.354102167182663
-0.882739938080495 0.881965944272446
-0.881965944272446 0.118034055727554
-0.881191950464396 -0.645897832817337
-0.880417956656347 0.590170278637771
-0.879643962848297 -0.173761609907121
-0.878869969040248 -0.937693498452012
-0.878095975232198 0.298374613003096
-0.877321981424149 -0.465557275541796
-0.876547987616099 0.770510835913313
-0.87577399380805 0.00657894736842102
-0.875 -0.757352941176471
-0.87422600619195 0.478715170278638
-0.873452012383901 -0.285216718266254
-0.872678018575851 0.950851393188854
-0.871904024767802 0.186919504643963
-0.871130030959752 -0.577012383900929
-0.870356037151703 0.65905572755418
-0.869582043343653 -0.104876160990712
-0.868808049535604 -0.868808049535604
-0.868034055727554 0.367260061919505
-0.867260061919505 -0.396671826625387
-0.866486068111455 0.839396284829721
-0.865712074303406 0.0754643962848298
-0.864938080495356 -0.688467492260062
-0.864164086687306 0.547600619195046
-0.863390092879257 -0.216331269349845
-0.862616099071207 -0.980263157894737
-0.861842105263158 0.255804953560371
-0.861068111455108 -0.50812693498452
-0.860294117647059 0.727941176470588
-0.859520123839009 -0.0359907120743034
-0.85874613003096 -0.799922600619195
-0.85797213622291 0.436145510835913
-0.857198142414861 -0.327786377708978
-0.856424148606811 0.90828173374613
-0.855650154798762 0.144349845201238
-0.854876160990712 -0.619582043343653
-0.854102167182663 0.616486068111455
-0.853328173374613 -0.147445820433437
-0.852554179566563 -0.911377708978328
-0.851780185758514 0.32469040247678
-0.851006191950464 -0.439241486068111
-0.850232198142415 0.796826625386997
-0.849458204334365 0.0328947368421053
-0.848684210526316 -0.731037151702786
-0.847910216718266 0.505030959752322
-0.847136222910217 -0.25890092879257
-0.846362229102167 0.977167182662539
-0.845588235294118 0.213235294117647
-0.844814241486068 -0.550696594427245
-0.844040247678019 0.685371517027864
-0.843266253869969 -0.0785603715170279
-0.84249226006192 -0.84249226006192
-0.84171826625387 0.393575851393189
-0.84094427244582 -0.370356037151703
-0.840170278637771 0.865712074303405
-0.839396284829721 0.101780185758514
-0.838622291021672 -0.662151702786378
-0.837848297213622 0.573916408668731
-0.837074303405573 -0.190015479876161
-0.836300309597523 -0.953947368421053
-0.835526315789474 0.282120743034056
-0.834752321981424 -0.481811145510836
-0.833978328173375 0.754256965944272
-0.833204334365325 -0.0096749226006192
-0.832430340557275 -0.773606811145511
-0.831656346749226 0.462461300309597
-0.830882352941176 -0.301470588235294
-0.830108359133127 0.934597523219814
-0.829334365325077 0.170665634674923
-0.828560371517028 -0.593266253869969
-0.827786377708978 0.642801857585139
-0.827012383900929 -0.121130030959752
-0.826238390092879 -0.885061919504644
-0.82546439628483 0.351006191950464
-0.82469040247678 -0.412925696594427
-0.823916408668731 0.823142414860681
-0.823142414860681 0.0592105263157894
-0.822368421052632 -0.704721362229102
-0.821594427244582 0.531346749226006
-0.820820433436533 -0.232585139318885
-0.820046439628483 -0.996517027863777
-0.819272445820433 0.239551083591331
-0.818498452012384 -0.52438080495356
-0.817724458204334 0.711687306501548
-0.816950464396285 -0.0522445820433437
-0.816176470588235 -0.816176470588235
-0.815402476780186 0.419891640866873
-0.814628482972136 -0.344040247678019
-0.813854489164087 0.89202786377709
-0.813080495356037 0.128095975232198
-0.812306501547988 -0.635835913312694
-0.811532507739938 0.600232198142415
-0.810758513931889 -0.163699690402477
-0.809984520123839 -0.927631578947368
-0.809210526315789 0.30843653250774
-0.80843653250774 -0.455495356037152
-0.80766253869969 0.780572755417957
-0.806888544891641 0.0166408668730651
-0.806114551083591 -0.747291021671827
-0.805340557275542 0.488777089783282
-0.804566563467492 -0.27515479876161
-0.803792569659443 0.960913312693499
-0.803018575851393 0.196981424148607
-0.802244582043344 -0.566950464396285
-0.801470588235294 0.669117647058824
-0.800696594427245 -0.0948142414860681
-0.799922600619195 -0.85874613003096
-0.799148606811146 0.377321981424149
-0.798374613003096 -0.386609907120743
-0.797600619195046 0.849458204334365
-0.796826625386997 0.0855263157894737
-0.796052631578947 -0.678405572755418
-0.795278637770898 0.557662538699691
-0.794504643962848 -0.206269349845201
-0.793730650154799 -0.970201238390093
-0.792956656346749 0.265866873065016
-0.7921826625387 -0.498065015479876
-0.79140866873065 0.738003095975232
-0.790634674922601 -0.0259287925696594
-0.789860681114551 -0.789860681114551
-0.789086687306502 0.446207430340557
-0.788312693498452 -0.317724458204334
-0.787538699690402 0.918343653250774
-0.786764705882353 0.154411764705882
-0.785990712074303 -0.609520123839009
-0.785216718266254 0.626547987616099
-0.784442724458204 -0.137383900928793
-0.783668730650155 -0.901315789473684
-0.782894736842105 0.334752321981424
-0.782120743034056 -0.429179566563467
-0.781346749226006 0.806888544891641
-0.780572755417957 0.0429566563467492
-0.779798761609907 -0.720975232198142
-0.779024767801858 0.515092879256966
-0.778250773993808 -0.248839009287926
-0.777476780185758 0.987229102167183
-0.776702786377709 0.223297213622291
-0.775928792569659 -0.540634674922601
-0.77515479876161 0.695433436532508
-0.77438080495356 -0.0684984520123839
-0.773606811145511 -0.832430340557275
-0.772832817337461 0.403637770897833
-0.772058823529412 -0.360294117647059
-0.771284829721362 0.87577399380805
-0.770510835913313 0.111842105263158
-0.769736842105263 -0.652089783281734
-0.768962848297214 0.583978328173375
-0.768188854489164 -0.179953560371517
-0.767414860681115 -0.943885448916409
-0.766640866873065 0.2921826625387
-0.765866873065015 -0.471749226006192
-0.765092879256966 0.764318885448916
-0.764318885448916 0.000386996904024661
-0.763544891640867 -0.763544891640867
-0.762770897832817 0.472523219814242
-0.761996904024768 -0.29140866873065
-0.761222910216718 0.944659442724458
-0.760448916408669 0.180727554179567
-0.759674922600619 -0.583204334365325
-0.75890092879257 0.652863777089783
-0.75812693498452 -0.111068111455108
-0.757352941176471 -0.875
-0.756578947368421 0.361068111455108
-0.755804953560371 -0.402863777089783
-0.755030959752322 0.833204334365325
-0.754256965944272 0.0692724458204335
-0.753482972136223 -0.694659442724458
-0.752708978328173 0.54140866873065
-0.751934984520124 -0.222523219814242
-0.751160990712074 -0.986455108359133
-0.750386996904025 0.249613003095975
-0.749613003095975 -0.514318885448916
-0.748839009287926 0.721749226006192
-0.748065015479876 -0.0421826625386997
-0.747291021671827 -0.806114551083591
-0.746517027863777 0.429953560371517
-0.745743034055728 -0.333978328173375
-0.744969040247678 0.902089783281734
-0.744195046439629 0.138157894736842
-0.743421052631579 -0.62577399380805
-0.742647058823529 0.610294117647059
-0.74187306501548 -0.153637770897833
-0.74109907120743 -0.917569659442725
-0.740325077399381 0.318498452012384
-0.739551083591331 -0.445433436532508
-0.738777089783282 0.790634674922601
-0.738003095975232 0.026702786377709
-0.737229102167183 -0.737229102167183
-0.736455108359133 0.498839009287926
-0.735681114551084 -0.265092879256966
-0.734907120743034 0.970975232198142
-0.734133126934984 0.207043343653251
-0.733359133126935 -0.556888544891641
-0.732585139318885 0.679179566563467
-0.731811145510836 -0.0847523219814241
-0.731037151702786 -0.848684210526316
-0.730263157894737 0.387383900928792
-0.729489164086687 -0.376547987616099
-0.728715170278638 0.859520123839009
-0.727941176470588 0.0955882352941178
-0.727167182662539 -0.668343653250774
-0.726393188854489 0.567724458204334
-0.72561919504644 -0.196207430340557
-0.72484520123839 -0.960139318885449
-0.724071207430341 0.275928792569659
-0.723297213622291 -0.488003095975232
-0.722523219814242 0.748065015479876
-0.721749226006192 -0.0158668730650154
-0.720975232198142 -0.779798761609907
-0.720201238390093 0.456269349845201
-0.719427244582043 -0.30766253869969
-0.718653250773994 0.928405572755418
-0.717879256965944 0.164473684210526
-0.717105263157895 -0.599458204334365
-0.716331269349845 0.636609907120743
-0.715557275541796 -0.127321981424149
-0.714783281733746 -0.89125386996904
-0.714009287925697 0.344814241486068
-0.713235294117647 -0.419117647058823
-0.712461300309598 0.816950464396285
-0.711687306501548 0.0530185758513932
-0.710913312693498 -0.710913312693498
-0.710139318885449 0.52515479876161
-0.709365325077399 -0.238777089783282
-0.70859133126935 0.997291021671827
-0.7078173374613 0.233359133126935
-0.707043343653251 -0.530572755417957
-0.706269349845201 0.705495356037152
-0.705495356037152 -0.0584365325077399
-0.704721362229102 -0.822368421052632
-0.703947368421053 0.413699690402477
-0.703173374613003 -0.350232198142415
-0.702399380804954 0.885835913312693
-0.701625386996904 0.121904024767802
-0.700851393188854 -0.64202786377709
-0.700077399380805 0.594040247678019
-0.699303405572755 -0.169891640866873
-0.698529411764706 -0.933823529411765
-0.697755417956656 0.302244582043344
-0.696981424148607 -0.461687306501548
-0.696207430340557 0.77438080495356
-0.695433436532508 0.0104489164086687
-0.694659442724458 -0.753482972136223
-0.693885448916409 0.482585139318885
-0.693111455108359 -0.281346749226006
-0.69233746130031 0.954721362229102
-0.69156346749226 0.190789473684211
-0.690789473684211 -0.573142414860681
-0.690015479876161 0.662925696594427
-0.689241486068112 -0.101006191950464
-0.688467492260062 -0.864938080495356
-0.687693498452012 0.371130030959752
-0.686919504643963 -0.392801857585139
-0.686145510835913 0.843266253869969
-0.685371517027864 0.0793343653250773
-0.684597523219814 -0.684597523219814
-0.683823529411765 0.551470588235294
-0.683049535603715 -0.212461300309598
-0.682275541795666 -0.976393188854489
-0.681501547987616 0.259674922600619
-0.680727554179567 -0.504256965944272
-0.679953560371517 0.731811145510836
-0.679179566563467 -0.0321207430340558
-0.678405572755418 -0.796052631578947
-0.677631578947368 0.440015479876161
-0.676857585139319 -0.323916408668731
-0.676083591331269 0.912151702786378
-0.67530959752322 0.148219814241486
-0.67453560371517 -0.615712074303406
-0.673761609907121 0.620356037151703
-0.672987616099071 -0.143575851393189
-0.672213622291022 -0.907507739938081
-0.671439628482972 0.328560371517028
-0.670665634674923 -0.435371517027864
-0.669891640866873 0.800696594427245
-0.669117647058824 0.036764705882353
-0.668343653250774 -0.727167182662539
-0.667569659442725 0.50890092879257
-0.666795665634675 -0.255030959752322
-0.666021671826625 0.981037151702786
-0.665247678018576 0.217105263157895
-0.664473684210526 -0.546826625386997
-0.663699690402477 0.689241486068112
-0.662925696594427 -0.0746904024767802
-0.662151702786378 -0.838622291021672
-0.661377708978328 0.397445820433437
-0.660603715170279 -0.366486068111455
-0.659829721362229 0.869582043343653
-0.65905572755418 0.105650154798762
-0.65828173374613 -0.65828173374613
-0.65750773993808 0.577786377708978
-0.656733746130031 -0.186145510835913
-0.655959752321981 -0.950077399380805
-0.655185758513932 0.285990712074303
-0.654411764705882 -0.477941176470588
-0.653637770897833 0.75812693498452
-0.652863777089783 -0.00580495356037147
-0.652089783281734 -0.769736842105263
-0.651315789473684 0.466331269349845
-0.650541795665635 -0.297600619195046
-0.649767801857585 0.938467492260062
-0.648993808049536 0.17453560371517
-0.648219814241486 -0.589396284829721
-0.647445820433437 0.646671826625387
-0.646671826625387 -0.117260061919505
-0.645897832817337 -0.881191950464396
-0.645123839009288 0.354876160990712
-0.644349845201238 -0.40905572755418
-0.643575851393189 0.827012383900929
-0.642801857585139 0.0630804953560371
-0.64202786377709 -0.700851393188854
-0.64125386996904 0.535216718266254
-0.640479876160991 -0.228715170278638
-0.639705882352941 -0.992647058823529
-0.638931888544892 0.243421052631579
-0.638157894736842 -0.520510835913313
-0.637383900928792 0.715557275541796
-0.636609907120743 -0.048374613003096
-0.635835913312694 -0.812306501547988
-0.635061919504644 0.423761609907121
-0.634287925696594 -0.340170278637771
-0.633513931888545 0.895897832817337
-0.632739938080495 0.131965944272446
-0.631965944272446 -0.631965944272446
-0.631191950464396 0.604102167182663
-0.630417956656347 -0.159829721362229
-0.629643962848297 -0.923761609907121
-0.628869969040248 0.312306501547988
-0.628095975232198 -0.451625386996904
-0.627321981424149 0.784442724458204
-0.626547987616099 0.0205108359133126
-0.62577399380805 -0.743421052631579
-0.625 0.492647058823529
-0.62422600619195 -0.271284829721362
-0.623452012383901 0.964783281733746
-0.622678018575851 0.200851393188854
-0.621904024767802 -0.563080495356037
-0.621130030959752 0.672987616099071
-0.620356037151703 -0.0909442724458205
-0.619582043343653 -0.854876160990712
-0.618808049535604 0.381191950464396
-0.618034055727554 -0.382739938080495
-0.617260061919505 0.853328173374613
-0.616486068111455 0.0893962848297214
-0.615712074303406 -0.67453560371517
-0.614938080495356 0.561532507739938
-0.614164086687306 -0.202399380804954
-0.613390092879257 -0.966331269349845
-0.612616099071208 0.269736842105263
-0.611842105263158 -0.494195046439629
-0.611068111455108 0.74187306501548
-0.610294117647059 -0.0220588235294118
-0.609520123839009 -0.785990712074303
-0.60874613003096 0.450077399380805
-0.60797213622291 -0.313854489164087
-0.607198142414861 0.922213622291022
-0.606424148606811 0.15828173374613
-0.605650154798762 -0.605650154798762
-0.604876160990712 0.630417956656347
-0.604102167182663 -0.133513931888545
-0.603328173374613 -0.897445820433437
-0.602554179566563 0.338622291021672
-0.601780185758514 -0.42530959752322
-0.601006191950464 0.810758513931888
-0.600232198142415 0.0468266253869969
-0.599458204334365 -0.717105263157895
-0.598684210526316 0.518962848297214
-0.597910216718266 -0.244969040247678
-0.597136222910217 0.99109907120743
-0.596362229102167 0.227167182662539
-0.595588235294118 -0.536764705882353
-0.594814241486068 0.699303405572755
-0.594040247678019 -0.0646284829721362
-0.593266253869969 -0.828560371517028
-0.59249226006192 0.40750773993808
-0.59171826625387 -0.356424148606811
-0.59094427244582 0.879643962848297
-0.590170278637771 0.115712074303405
-0.589396284829721 -0.648219814241486
-0.588622291021672 0.587848297213622
-0.587848297213622 -0.176083591331269
-0.587074303405573 -0.940015479876161
-0.586300309597523 0.296052631578947
-0.585526315789474 -0.467879256965944
-0.584752321981424 0.768188854489164
-0.583978328173375 0.00425696594427238
-0.583204334365325 -0.759674922600619
-0.582430340557275 0.476393188854489
-0.581656346749226 -0.287538699690402
-0.580882352941176 0.948529411764706
-0.580108359133127 0.184597523219814
-0.579334365325077 -0.579334365325077
-0.578560371517028 0.656733746130031
-0.577786377708978 -0.107198142414861
-0.577012383900929 -0.871130030959752
-0.576238390092879 0.364938080495356
-0.57546439628483 -0.398993808049536
-0.57469040247678 0.837074303405573
-0.573916408668731 0.0731424148606812
-0.573142414860681 -0.690789473684211
-0.572368421052632 0.545278637770898
-0.571594427244582 -0.218653250773994
-0.570820433436533 -0.982585139318885
-0.570046439628483 0.253482972136223
-0.569272445820433 -0.510448916408669
-0.568498452012384 0.72561919504644
-0.567724458204334 -0.038312693498452
-0.566950464396285 -0.802244582043344
-0.566176470588235 0.433823529411765
-0.565402476780186 -0.330108359133127
-0.564628482972136 0.905959752321981
-0.563854489164087 0.14202786377709
-0.563080495356037 -0.621904024767802
-0.562306501547988 0.614164086687307
-0.561532507739938 -0.149767801857585
-0.560758513931888 -0.913699690402477
-0.559984520123839 0.322368421052632
-0.559210526315789 -0.44156346749226
-0.55843653250774 0.794504643962848
-0.55766253869969 0.0305727554179567
-0.556888544891641 -0.733359133126935
-0.556114551083591 0.502708978328173
-0.555340557275542 -0.261222910216718
-0.554566563467492 0.97484520123839
-0.553792569659443 0.210913312693499
-0.553018575851393 -0.553018575851393
-0.552244582043344 0.683049535603715
-0.551470588235294 -0.0808823529411765
-0.550696594427245 -0.844814241486068
-0.549922600619195 0.39125386996904
-0.549148606811146 -0.372678018575851
-0.548374613003096 0.863390092879257
-0.547600619195046 0.0994582043343653
-0.546826625386997 -0.664473684210526
-0.546052631578947 0.571594427244582
-0.545278637770898 -0.19233746130031
-0.544504643962848 -0.956269349845201
-0.543730650154799 0.279798761609907
-0.542956656346749 -0.484133126934985
-0.5421826625387 0.751934984520124
-0.54140866873065 -0.0119969040247678
-0.540634674922601 -0.775928792569659
-0.539860681114551 0.460139318885449
-0.539086687306502 -0.303792569659443
-0.538312693498452 0.932275541795666
-0.537538699690402 0.168343653250774
-0.536764705882353 -0.595588235294118
-0.535990712074303 0.640479876160991
-0.535216718266254 -0.123452012383901
-0.534442724458204 -0.887383900928793
-0.533668730650155 0.348684210526316
-0.532894736842105 -0.415247678018576
-0.532120743034056 0.820820433436533
-0.531346749226006 0.056888544891641
-0.530572755417957 -0.707043343653251
-0.529798761609907 0.529024767801858
-0.529024767801858 -0.234907120743034
-0.528250773993808 -0.998839009287926
-0.527476780185758 0.237229102167183
-0.526702786377709 -0.526702786377709
-0.525928792569659 0.709365325077399
-0.52515479876161 -0.0545665634674922
-0.52438080495356 -0.818498452012384
-0.523606811145511 0.417569659442725
-0.522832817337461 -0.346362229102167
-0.522058823529412 0.889705882352941
-0.521284829721362 0.12577399380805
-0.520510835913313 -0.638157894736842
-0.519736842105263 0.597910216718266
-0.518962848297214 -0.166021671826625
-0.518188854489164 -0.929953560371517
-0.517414860681115 0.306114551083591
-0.516640866873065 -0.4578173374613
-0.515866873065016 0.778250773993808
-0.515092879256966 0.0143188854489165
-0.514318885448916 -0.749613003095975
-0.513544891640867 0.486455108359133
-0.512770897832817 -0.277476780185758
-0.511996904024768 0.95859133126935
-0.511222910216718 0.194659442724458
-0.510448916408669 -0.569272445820433
-0.509674922600619 0.666795665634675
-0.50890092879257 -0.0971362229102167
-0.50812693498452 -0.861068111455108
-0.507352941176471 0.375
-0.506578947368421 -0.388931888544892
-0.505804953560371 0.847136222910217
-0.505030959752322 0.083204334365325
-0.504256965944272 -0.680727554179567
-0.503482972136223 0.555340557275542
-0.502708978328173 -0.20859133126935
-0.501934984520124 -0.972523219814242
-0.501160990712074 0.263544891640867
-0.500386996904025 -0.500386996904025
-0.499613003095975 0.735681114551084
-0.498839009287926 -0.028250773993808
-0.498065015479876 -0.7921826625387
-0.497291021671827 0.443885448916409
-0.496517027863777 -0.320046439628483
-0.495743034055728 0.916021671826625
-0.494969040247678 0.152089783281734
-0.494195046439629 -0.611842105263158
-0.493421052631579 0.62422600619195
-0.492647058823529 -0.139705882352941
-0.49187306501548 -0.903637770897833
-0.49109907120743 0.332430340557275
-0.490325077399381 -0.431501547987616
-0.489551083591331 0.804566563467492
-0.488777089783282 0.0406346749226005
-0.488003095975232 -0.723297213622291
-0.487229102167183 0.512770897832817
-0.486455108359133 -0.251160990712074
-0.485681114551084 0.984907120743034
-0.484907120743034 0.220975232198142
-0.484133126934985 -0.542956656346749
-0.483359133126935 0.693111455108359
-0.482585139318885 -0.0708204334365325
-0.481811145510836 -0.834752321981424
-0.481037151702786 0.401315789473684
-0.480263157894737 -0.362616099071207
-0.479489164086687 0.873452012383901
-0.478715170278638 0.109520123839009
-0.477941176470588 -0.654411764705882
-0.477167182662539 0.581656346749226
-0.476393188854489 -0.182275541795666
-0.47561919504644 -0.946207430340557
-0.47484520123839 0.289860681114551
-0.474071207430341 -0.474071207430341
-0.473297213622291 0.761996904024768
-0.472523219814242 -0.00193498452012386
-0.471749226006192 -0.765866873065015
-0.470975232198142 0.470201238390093
-0.470201238390093 -0.293730650154799
-0.469427244582043 0.942337461300309
-0.468653250773994 0.178405572755418
-0.467879256965944 -0.585526315789474
-0.467105263157895 0.650541795665635
-0.466331269349845 -0.113390092879257
-0.465557275541796 -0.877321981424149
-0.464783281733746 0.35874613003096
-0.464009287925697 -0.405185758513932
-0.463235294117647 0.830882352941176
-0.462461300309598 0.0669504643962848
-0.461687306501548 -0.696981424148607
-0.460913312693498 0.539086687306501
-0.460139318885449 -0.22484520123839
-0.459365325077399 -0.988777089783282
-0.45859133126935 0.247291021671827
-0.4578173374613 -0.516640866873065
-0.457043343653251 0.719427244582043
-0.456269349845201 -0.0445046439628483
-0.455495356037152 -0.80843653250774
-0.454721362229102 0.427631578947368
-0.453947368421053 -0.336300309597523
-0.453173374613003 0.899767801857585
-0.452399380804954 0.135835913312693
-0.451625386996904 -0.628095975232198
-0.450851393188854 0.60797213622291
-0.450077399380805 -0.155959752321981
-0.449303405572755 -0.919891640866873
-0.448529411764706 0.316176470588235
-0.447755417956656 -0.447755417956656
-0.446981424148607 0.788312693498452
-0.446207430340557 0.0243808049535603
-0.445433436532508 -0.739551083591331
-0.444659442724458 0.496517027863777
-0.443885448916409 -0.267414860681115
-0.443111455108359 0.968653250773994
-0.44233746130031 0.204721362229102
-0.44156346749226 -0.559210526315789
-0.440789473684211 0.676857585139319
-0.440015479876161 -0.0870743034055728
-0.439241486068111 -0.851006191950464
-0.438467492260062 0.385061919504644
-0.437693498452012 -0.378869969040248
-0.436919504643963 0.857198142414861
-0.436145510835913 0.0932662538699691
-0.435371517027864 -0.670665634674923
-0.434597523219814 0.565402476780186
-0.433823529411765 -0.198529411764706
-0.433049535603715 -0.962461300309598
-0.432275541795666 0.273606811145511
-0.431501547987616 -0.490325077399381
-0.430727554179567 0.745743034055728
-0.429953560371517 -0.0181888544891641
-0.429179566563467 -0.782120743034056
-0.428405572755418 0.453947368421053
-0.427631578947368 -0.309984520123839
-0.426857585139319 0.926083591331269
-0.426083591331269 0.162151702786378
-0.42530959752322 -0.601780185758514
-0.42453560371517 0.634287925696595
-0.423761609907121 -0.129643962848297
-0.422987616099071 -0.893575851393189
-0.422213622291022 0.34249226006192
-0.421439628482972 -0.421439628482972
-0.420665634674923 0.814628482972136
-0.419891640866873 0.0506965944272446
-0.419117647058823 -0.713235294117647
-0.418343653250774 0.522832817337461
-0.417569659442725 -0.24109907120743
-0.416795665634675 0.994969040247678
-0.416021671826625 0.231037151702786
-0.415247678018576 -0.532894736842105
-0.414473684210526 0.703173374613003
-0.413699690402477 -0.0607585139318886
-0.412925696594427 -0.82469040247678
-0.412151702786378 0.411377708978328
-0.411377708978328 -0.352554179566563
-0.410603715170279 0.883513931888545
-0.409829721362229 0.119582043343653
-0.40905572755418 -0.644349845201238
-0.40828173374613 0.59171826625387
-0.407507739938081 -0.172213622291022
-0.406733746130031 -0.936145510835913
-0.405959752321981 0.299922600619195
-0.405185758513932 -0.464009287925697
-0.404411764705882 0.772058823529412
-0.403637770897833 0.00812693498452011
-0.402863777089783 -0.755804953560371
-0.402089783281734 0.480263157894737
-0.401315789473684 -0.283668730650155
-0.400541795665635 0.952399380804954
-0.399767801857585 0.188467492260062
-0.398993808049536 -0.57546439628483
-0.398219814241486 0.660603715170279
-0.397445820433437 -0.103328173374613
-0.396671826625387 -0.867260061919505
-0.395897832817337 0.368808049535604
-0.395123839009288 -0.395123839009288
-0.394349845201238 0.84094427244582
-0.393575851393189 0.0770123839009287
-0.392801857585139 -0.686919504643963
-0.39202786377709 0.549148606811146
-0.39125386996904 -0.214783281733746
-0.390479876160991 -0.978715170278638
-0.389705882352941 0.257352941176471
-0.388931888544892 -0.506578947368421
-0.388157894736842 0.729489164086687
-0.387383900928793 -0.0344427244582043
-0.386609907120743 -0.798374613003096
-0.385835913312694 0.437693498452012
-0.385061919504644 -0.326238390092879
-0.384287925696594 0.909829721362229
-0.383513931888545 0.145897832817337
-0.382739938080495 -0.618034055727554
-0.381965944272446 0.618034055727554
-0.381191950464396 -0.145897832817337
-0.380417956656347 -0.909829721362229
-0.379643962848297 0.326238390092879
-0.378869969040248 -0.437693498452012
-0.378095975232198 0.798374613003096
-0.377321981424149 0.0344427244582044
-0.376547987616099 -0.729489164086687
-0.37577399380805 0.506578947368421
-0.375 -0.257352941176471
-0.37422600619195 0.978715170278638
-0.373452012383901 0.214783281733746
-0.372678018575851 -0.549148606811146
-0.371904024767802 0.686919504643963
-0.371130030959752 -0.0770123839009288
-0.370356037151703 -0.84094427244582
-0.369582043343653 0.395123839009288
-0.368808049535604 -0.368808049535604
-0.368034055727554 0.867260061919505
-0.367260061919505 0.103328173374613
-0.366486068111455 -0.660603715170279
-0.365712074303406 0.57546439628483
-0.364938080495356 -0.188467492260062
-0.364164086687306 -0.952399380804954
-0.363390092879257 0.283668730650155
-0.362616099071207 -0.480263157894737
-0.361842105263158 0.755804953560371
-0.361068111455108 -0.00812693498452011
-0.360294117647059 -0.772058823529412
-0.359520123839009 0.464009287925697
-0.35874613003096 -0.299922600619195
-0.35797213622291 0.936145510835913
-0.357198142414861 0.172213622291022
-0.356424148606811 -0.59171826625387
-0.355650154798762 0.644349845201238
-0.354876160990712 -0.119582043343653
-0.354102167182663 -0.883513931888545
-0.353328173374613 0.352554179566563
-0.352554179566563 -0.411377708978328
-0.351780185758514 0.82469040247678
-0.351006191950464 0.0607585139318885
-0.350232198142415 -0.703173374613003
-0.349458204334365 0.532894736842105
-0.348684210526316 -0.231037151702786
-0.347910216718266 -0.994969040247678
-0.347136222910217 0.24109907120743
-0.346362229102167 -0.522832817337461
-0.345588235294118 0.713235294117647
-0.344814241486068 -0.0506965944272446
-0.344040247678019 -0.814628482972136
-0.343266253869969 0.421439628482972
-0.342492260061919 -0.342492260061919
-0.34171826625387 0.893575851393189
-0.34094427244582 0.129643962848297
-0.340170278637771 -0.634287925696594
-0.339396284829721 0.601780185758514
-0.338622291021672 -0.162151702786378
-0.337848297213622 -0.926083591331269
-0.337074303405573 0.309984520123839
-0.336300309597523 -0.453947368421053
-0.335526315789474 0.782120743034056
-0.334752321981424 0.0181888544891642
-0.333978328173375 -0.745743034055728
-0.333204334365325 0.490325077399381
-0.332430340557275 -0.273606811145511
-0.331656346749226 0.962461300309597
-0.330882352941177 0.198529411764706
-0.330108359133127 -0.565402476780186
-0.329334365325077 0.670665634674923
-0.328560371517028 -0.093266253869969
-0.327786377708978 -0.857198142414861
-0.327012383900929 0.378869969040248
-0.326238390092879 -0.385061919504644
-0.32546439628483 0.851006191950464
-0.32469040247678 0.0870743034055728
-0.323916408668731 -0.676857585139319
-0.323142414860681 0.559210526315789
-0.322368421052632 -0.204721362229102
-0.321594427244582 -0.968653250773994
-0.320820433436533 0.267414860681115
-0.320046439628483 -0.496517027863777
-0.319272445820433 0.739551083591331
-0.318498452012384 -0.0243808049535603
-0.317724458204334 -0.788312693498452
-0.316950464396285 0.447755417956656
-0.316176470588235 -0.316176470588235
-0.315402476780186 0.919891640866873
-0.314628482972136 0.155959752321981
-0.313854489164087 -0.60797213622291
-0.313080495356037 0.628095975232198
-0.312306501547988 -0.135835913312694
-0.311532507739938 -0.899767801857585
-0.310758513931889 0.336300309597523
-0.309984520123839 -0.427631578947368
-0.309210526315789 0.80843653250774
-0.30843653250774 0.0445046439628483
-0.30766253869969 -0.719427244582043
-0.306888544891641 0.516640866873065
-0.306114551083591 -0.247291021671827
-0.305340557275542 0.988777089783282
-0.304566563467492 0.22484520123839
-0.303792569659443 -0.539086687306502
-0.303018575851393 0.696981424148607
-0.302244582043344 -0.0669504643962848
-0.301470588235294 -0.830882352941176
-0.300696594427245 0.405185758513932
-0.299922600619195 -0.35874613003096
-0.299148606811146 0.877321981424149
-0.298374613003096 0.113390092879257
-0.297600619195046 -0.650541795665635
-0.296826625386997 0.585526315789474
-0.296052631578947 -0.178405572755418
-0.295278637770898 -0.94233746130031
-0.294504643962848 0.293730650154799
-0.293730650154799 -0.470201238390093
-0.292956656346749 0.765866873065016
-0.2921826625387 0.00193498452012375
-0.29140866873065 -0.761996904024768
-0.290634674922601 0.474071207430341
-0.289860681114551 -0.289860681114551
-0.289086687306502 0.946207430340557
-0.288312693498452 0.182275541795666
-0.287538699690402 -0.581656346749226
-0.286764705882353 0.654411764705882
-0.285990712074303 -0.109520123839009
-0.285216718266254 -0.873452012383901
-0.284442724458204 0.362616099071208
-0.283668730650155 -0.401315789473684
-0.282894736842105 0.834752321981424
-0.282120743034056 0.0708204334365325
-0.281346749226006 -0.693111455108359
-0.280572755417957 0.542956656346749
-0.279798761609907 -0.220975232198142
-0.279024767801858 -0.984907120743034
-0.278250773993808 0.251160990712074
-0.277476780185758 -0.512770897832817
-0.276702786377709 0.723297213622291
-0.275928792569659 -0.0406346749226006
-0.27515479876161 -0.804566563467492
-0.27438080495356 0.431501547987616
-0.273606811145511 -0.332430340557275
-0.272832817337461 0.903637770897833
-0.272058823529412 0.139705882352941
-0.271284829721362 -0.62422600619195
-0.270510835913313 0.611842105263158
-0.269736842105263 -0.152089783281734
-0.268962848297214 -0.916021671826625
-0.268188854489164 0.320046439628483
-0.267414860681115 -0.443885448916409
-0.266640866873065 0.7921826625387
-0.265866873065015 0.028250773993808
-0.265092879256966 -0.735681114551084
-0.264318885448916 0.500386996904025
-0.263544891640867 -0.263544891640867
-0.262770897832817 0.972523219814242
-0.261996904024768 0.20859133126935
-0.261222910216718 -0.555340557275542
-0.260448916408669 0.680727554179567
-0.259674922600619 -0.083204334365325
-0.25890092879257 -0.847136222910217
-0.25812693498452 0.388931888544892
-0.257352941176471 -0.375
-0.256578947368421 0.861068111455108
-0.255804953560371 0.0971362229102166
-0.255030959752322 -0.666795665634675
-0.254256965944272 0.569272445820433
-0.253482972136223 -0.194659442724458
-0.252708978328173 -0.95859133126935
-0.251934984520124 0.277476780185758
-0.251160990712074 -0.486455108359133
-0.250386996904025 0.749613003095975
-0.249613003095975 -0.0143188854489165
-0.248839009287926 -0.778250773993808
-0.248065015479876 0.4578173374613
-0.247291021671827 -0.306114551083591
-0.246517027863777 0.929953560371517
-0.245743034055728 0.166021671826625
-0.244969040247678 -0.597910216718266
-0.244195046439629 0.638157894736842
-0.243421052631579 -0.12577399380805
-0.242647058823529 -0.889705882352941
-0.24187306501548 0.346362229102167
-0.24109907120743 -0.417569659442725
-0.240325077399381 0.818498452012384
-0.239551083591331 0.0545665634674923
-0.238777089783282 -0.709365325077399
-0.238003095975232 0.526702786377709
-0.237229102167183 -0.237229102167183
-0.236455108359133 0.998839009287926
-0.235681114551084 0.234907120743034
-0.234907120743034 -0.529024767801858
-0.234133126934985 0.707043343653251
-0.233359133126935 -0.0568885448916409
-0.232585139318885 -0.820820433436533
-0.231811145510836 0.415247678018576
-0.231037151702786 -0.348684210526316
-0.230263157894737 0.887383900928792
-0.229489164086687 0.123452012383901
-0.228715170278638 -0.640479876160991
-0.227941176470588 0.595588235294118
-0.227167182662539 -0.168343653250774
-0.226393188854489 -0.932275541795666
-0.22561919504644 0.303792569659443
-0.22484520123839 -0.460139318885449
-0.224071207430341 0.775928792569659
-0.223297213622291 0.0119969040247678
-0.222523219814242 -0.751934984520124
-0.221749226006192 0.484133126934984
-0.220975232198142 -0.279798761609907
-0.220201238390093 0.956269349845201
-0.219427244582043 0.192337461300309
-0.218653250773994 -0.571594427244582
-0.217879256965944 0.664473684210526
-0.217105263157895 -0.0994582043343654
-0.216331269349845 -0.863390092879257
-0.215557275541796 0.372678018575851
-0.214783281733746 -0.39125386996904
-0.214009287925697 0.844814241486068
-0.213235294117647 0.0808823529411764
-0.212461300309598 -0.683049535603715
-0.211687306501548 0.553018575851393
-0.210913312693498 -0.210913312693498
-0.210139318885449 -0.97484520123839
-0.209365325077399 0.261222910216718
-0.20859133126935 -0.502708978328173
-0.2078173374613 0.733359133126935
-0.207043343653251 -0.0305727554179567
-0.206269349845201 -0.794504643962848
-0.205495356037152 0.44156346749226
-0.204721362229102 -0.322368421052632
-0.203947368421053 0.913699690402477
-0.203173374613003 0.149767801857585
-0.202399380804954 -0.614164086687306
-0.201625386996904 0.621904024767802
-0.200851393188854 -0.14202786377709
-0.200077399380805 -0.905959752321981
-0.199303405572755 0.330108359133127
-0.198529411764706 -0.433823529411765
-0.197755417956656 0.802244582043344
-0.196981424148607 0.0383126934984521
-0.196207430340557 -0.72561919504644
-0.195433436532508 0.510448916408669
-0.194659442724458 -0.253482972136223
-0.193885448916409 0.982585139318885
-0.193111455108359 0.218653250773994
-0.19233746130031 -0.545278637770898
-0.19156346749226 0.690789473684211
-0.190789473684211 -0.0731424148606811
-0.190015479876161 -0.837074303405573
-0.189241486068111 0.398993808049536
-0.188467492260062 -0.364938080495356
-0.187693498452012 0.871130030959752
-0.186919504643963 0.107198142414861
-0.186145510835913 -0.656733746130031
-0.185371517027864 0.579334365325077
-0.184597523219814 -0.184597523219814
-0.183823529411765 -0.948529411764706
-0.183049535603715 0.287538699690403
-0.182275541795666 -0.476393188854489
-0.181501547987616 0.759674922600619
-0.180727554179567 -0.00425696594427249
-0.179953560371517 -0.768188854489164
-0.179179566563467 0.467879256965944
-0.178405572755418 -0.296052631578947
-0.177631578947368 0.940015479876161
-0.176857585139319 0.176083591331269
-0.176083591331269 -0.587848297213622
-0.17530959752322 0.648219814241486
-0.17453560371517 -0.115712074303406
-0.173761609907121 -0.879643962848297
-0.172987616099071 0.356424148606811
-0.172213622291022 -0.407507739938081
-0.171439628482972 0.828560371517028
-0.170665634674923 0.0646284829721362
-0.169891640866873 -0.699303405572755
-0.169117647058823 0.536764705882353
-0.168343653250774 -0.227167182662539
-0.167569659442725 -0.99109907120743
-0.166795665634675 0.244969040247678
-0.166021671826625 -0.518962848297214
-0.165247678018576 0.717105263157895
-0.164473684210526 -0.0468266253869969
-0.163699690402477 -0.810758513931889
-0.162925696594427 0.42530959752322
-0.162151702786378 -0.338622291021672
-0.161377708978328 0.897445820433437
-0.160603715170279 0.133513931888545
-0.159829721362229 -0.630417956656347
-0.15905572755418 0.605650154798762
-0.15828173374613 -0.15828173374613
-0.157507739938081 -0.922213622291022
-0.156733746130031 0.313854489164087
-0.155959752321981 -0.450077399380805
-0.155185758513932 0.785990712074303
-0.154411764705882 0.0220588235294117
-0.153637770897833 -0.74187306501548
-0.152863777089783 0.494195046439629
-0.152089783281734 -0.269736842105263
-0.151315789473684 0.966331269349845
-0.150541795665635 0.202399380804954
-0.149767801857585 -0.561532507739938
-0.148993808049536 0.67453560371517
-0.148219814241486 -0.0893962848297214
-0.147445820433437 -0.853328173374613
-0.146671826625387 0.382739938080495
-0.145897832817337 -0.381191950464396
-0.145123839009288 0.854876160990712
-0.144349845201238 0.0909442724458205
-0.143575851393189 -0.672987616099071
-0.142801857585139 0.563080495356037
-0.14202786377709 -0.200851393188854
-0.14125386996904 -0.964783281733746
-0.140479876160991 0.271284829721362
-0.139705882352941 -0.492647058823529
-0.138931888544892 0.743421052631579
-0.138157894736842 -0.0205108359133127
-0.137383900928793 -0.784442724458204
-0.136609907120743 0.451625386996904
-0.135835913312694 -0.312306501547988
-0.135061919504644 0.923761609907121
-0.134287925696594 0.159829721362229
-0.133513931888545 -0.604102167182663
-0.132739938080495 0.631965944272446
-0.131965944272446 -0.131965944272446
-0.131191950464396 -0.895897832817337
-0.130417956656347 0.340170278637771
-0.129643962848297 -0.423761609907121
-0.128869969040248 0.812306501547988
-0.128095975232198 0.048374613003096
-0.127321981424149 -0.715557275541796
-0.126547987616099 0.520510835913313
-0.12577399380805 -0.243421052631579
-0.125 0.992647058823529
-0.12422600619195 0.228715170278638
-0.123452012383901 -0.535216718266254
-0.122678018575851 0.700851393188854
-0.121904024767802 -0.0630804953560371
-0.121130030959752 -0.827012383900929
-0.120356037151703 0.40905572755418
-0.119582043343653 -0.354876160990712
-0.118808049535604 0.881191950464396
-0.118034055727554 0.117260061919505
-0.117260061919505 -0.646671826625387
-0.116486068111455 0.589396284829721
-0.115712074303406 -0.17453560371517
-0.114938080495356 -0.938467492260062
-0.114164086687306 0.297600619195046
-0.113390092879257 -0.466331269349845
-0.112616099071207 0.769736842105263
-0.111842105263158 0.00580495356037147
-0.111068111455108 -0.75812693498452
-0.110294117647059 0.477941176470588
-0.109520123839009 -0.285990712074303
-0.10874613003096 0.950077399380805
-0.10797213622291 0.186145510835913
-0.107198142414861 -0.577786377708978
-0.106424148606811 0.65828173374613
-0.105650154798762 -0.105650154798762
-0.104876160990712 -0.869582043343653
-0.104102167182663 0.366486068111455
-0.103328173374613 -0.397445820433437
-0.102554179566563 0.838622291021672
-0.101780185758514 0.0746904024767803
-0.101006191950464 -0.689241486068112
-0.100232198142415 0.546826625386997
-0.0994582043343654 -0.217105263157895
-0.0986842105263158 -0.981037151702786
-0.0979102167182663 0.255030959752322
-0.0971362229102167 -0.50890092879257
-0.0963622291021672 0.727167182662539
-0.0955882352941176 -0.0367647058823529
-0.0948142414860681 -0.800696594427245
-0.0940402476780186 0.435371517027864
-0.093266253869969 -0.328560371517028
-0.0924922600619195 0.90750773993808
-0.0917182662538699 0.143575851393189
-0.0909442724458205 -0.620356037151703
-0.0901702786377709 0.615712074303405
-0.0893962848297214 -0.148219814241486
-0.0886222910216719 -0.912151702786378
-0.0878482972136223 0.323916408668731
-0.0870743034055728 -0.440015479876161
-0.0863003095975232 0.796052631578947
-0.0855263157894737 0.0321207430340558
-0.0847523219814241 -0.731811145510836
-0.0839783281733746 0.504256965944272
-0.083204334365325 -0.259674922600619
-0.0824303405572755 0.976393188854489
-0.0816563467492261 0.212461300309597
-0.0808823529411765 -0.551470588235294
-0.080108359133127 0.684597523219814
-0.0793343653250774 -0.0793343653250774
-0.0785603715170279 -0.843266253869969
-0.0777863777089783 0.392801857585139
-0.0770123839009288 -0.371130030959752
-0.0762383900928792 0.864938080495356
-0.0754643962848297 0.101006191950464
-0.0746904024767802 -0.662925696594427
-0.0739164086687306 0.573142414860681
-0.0731424148606811 -0.190789473684211
-0.0723684210526315 -0.954721362229102
-0.0715944272445821 0.281346749226006
-0.0708204334365325 -0.482585139318885
-0.070046439628483 0.753482972136223
-0.0692724458204335 -0.0104489164086687
-0.0684984520123839 -0.77438080495356
-0.0677244582043344 0.461687306501548
-0.0669504643962848 -0.302244582043344
-0.0661764705882353 0.933823529411765
-0.0654024767801857 0.169891640866873
-0.0646284829721362 -0.594040247678019
-0.0638544891640866 0.64202786377709
-0.0630804953560371 -0.121904024767802
-0.0623065015479877 -0.885835913312694
-0.0615325077399381 0.350232198142415
-0.0607585139318886 -0.413699690402477
-0.059984520123839 0.822368421052632
-0.0592105263157895 0.0584365325077398
-0.0584365325077399 -0.705495356037152
-0.0576625386996904 0.530572755417957
-0.0568885448916409 -0.233359133126935
-0.0561145510835913 -0.997291021671827
-0.0553405572755418 0.238777089783282
-0.0545665634674922 -0.52515479876161
-0.0537925696594427 0.710913312693499
-0.0530185758513931 -0.0530185758513931
-0.0522445820433437 -0.816950464396285
-0.0514705882352942 0.419117647058824
-0.0506965944272446 -0.344814241486068
-0.0499226006191951 0.89125386996904
-0.0491486068111455 0.127321981424149
-0.048374613003096 -0.636609907120743
-0.0476006191950464 0.599458204334365
-0.0468266253869969 -0.164473684210526
-0.0460526315789473 -0.928405572755418
-0.0452786377708978 0.307662538699691
-0.0445046439628483 -0.456269349845201
-0.0437306501547987 0.779798761609907
-0.0429566563467493 0.0158668730650156
-0.0421826625386997 -0.748065015479876
-0.0414086687306502 0.488003095975232
-0.0406346749226006 -0.275928792569659
-0.0398606811145511 0.960139318885449
-0.0390866873065016 0.196207430340557
-0.038312693498452 -0.567724458204334
-0.0375386996904025 0.668343653250774
-0.0367647058823529 -0.0955882352941176
-0.0359907120743034 -0.859520123839009
-0.0352167182662538 0.376547987616099
-0.0344427244582043 -0.387383900928793
-0.0336687306501547 0.848684210526316
-0.0328947368421053 0.0847523219814241
-0.0321207430340558 -0.679179566563467
-0.0313467492260062 0.556888544891641
-0.0305727554179567 -0.207043343653251
-0.0297987616099071 -0.970975232198142
-0.0290247678018576 0.265092879256966
-0.028250773993808 -0.498839009287926
-0.0274767801857585 0.737229102167183
-0.026702786377709 -0.026702786377709
-0.0259287925696594 -0.790634674922601
-0.0251547987616099 0.445433436532508
-0.0243808049535603 -0.318498452012384
-0.0236068111455109 0.917569659442725
-0.0228328173374613 0.153637770897833
-0.0220588235294118 -0.610294117647059
-0.0212848297213623 0.62577399380805
-0.0205108359133127 -0.138157894736842
-0.0197368421052632 -0.902089783281734
-0.0189628482972136 0.333978328173375
-0.0181888544891641 -0.429953560371517
-0.0174148606811145 0.806114551083591
-0.016640866873065 0.0421826625386996
-0.0158668730650154 -0.721749226006192
-0.0150928792569659 0.514318885448916
-0.0143188854489165 -0.249613003095975
-0.0135448916408669 0.986455108359133
-0.0127708978328174 0.222523219814242
-0.0119969040247678 -0.54140866873065
-0.0112229102167183 0.694659442724458
-0.0104489164086687 -0.0692724458204335
-0.0096749226006192 -0.833204334365325
-0.00890092879256965 0.402863777089783
-0.00812693498452011 -0.361068111455108
-0.00735294117647056 0.875
-0.00657894736842102 0.111068111455108
-0.00580495356037147 -0.652863777089783
-0.00503095975232193 0.583204334365325
-0.00425696594427249 -0.180727554179567
-0.00348297213622295 -0.944659442724458
-0.00270897832817341 0.29140866873065
-0.00193498452012386 -0.472523219814242
-0.00116099071207432 0.763544891640867
-0.000386996904024772 -0.000386996904024772
0.000386996904024661 -0.764318885448916
0.00116099071207421 0.471749226006192
0.00193498452012375 -0.2921826625387
0.00270897832817329 0.943885448916409
0.00348297213622284 0.179953560371517
0.00425696594427238 -0.583978328173375
0.00503095975232193 0.652089783281734
0.00580495356037147 -0.111842105263158
0.00657894736842102 -0.87577399380805
0.00735294117647056 0.360294117647059
0.00812693498452011 -0.403637770897833
0.00890092879256965 0.832430340557275
0.0096749226006192 0.0684984520123839
0.0104489164086687 -0.695433436532508
0.0112229102167183 0.540634674922601
0.0119969040247678 -0.223297213622291
0.0127708978328174 -0.987229102167183
0.0135448916408669 0.248839009287926
0.0143188854489165 -0.515092879256966
0.015092879256966 0.720975232198142
0.0158668730650156 -0.0429566563467493
0.0166408668730651 -0.806888544891641
0.0174148606811146 0.429179566563467
0.0181888544891642 -0.334752321981424
0.0189628482972137 0.901315789473684
0.0197368421052631 0.137383900928792
0.0205108359133126 -0.626547987616099
0.0212848297213621 0.609520123839009
0.0220588235294117 -0.154411764705882
0.0228328173374612 -0.918343653250774
0.0236068111455108 0.317724458204334
0.0243808049535603 -0.446207430340557
0.0251547987616099 0.789860681114551
0.0259287925696594 0.0259287925696594
0.026702786377709 -0.738003095975232
0.0274767801857585 0.498065015479876
0.028250773993808 -0.265866873065015
0.0290247678018576 0.970201238390093
0.0297987616099071 0.206269349845201
0.0305727554179567 -0.55766253869969
0.0313467492260062 0.678405572755418
0.0321207430340558 -0.0855263157894737
0.0328947368421053 -0.849458204334365
0.0336687306501549 0.386609907120743
0.0344427244582044 -0.377321981424149
0.0352167182662539 0.85874613003096
0.0359907120743035 0.0948142414860682
0.036764705882353 -0.669117647058824
0.0375386996904026 0.566950464396285
0.0383126934984521 -0.196981424148607
0.0390866873065014 -0.960913312693498
0.039860681114551 0.27515479876161
0.0406346749226005 -0.488777089783282
0.0414086687306501 0.747291021671827
0.0421826625386996 -0.016640866873065
0.0429566563467492 -0.780572755417957
0.0437306501547987 0.455495356037152
0.0445046439628483 -0.30843653250774
0.0452786377708978 0.927631578947368
0.0460526315789473 0.163699690402477
0.0468266253869969 -0.600232198142415
0.0476006191950464 0.635835913312693
0.048374613003096 -0.128095975232198
0.0491486068111455 -0.89202786377709
0.0499226006191951 0.344040247678019
0.0506965944272446 -0.419891640866873
0.0514705882352942 0.816176470588235
0.0522445820433437 0.0522445820433437
0.0530185758513932 -0.711687306501548
0.0537925696594428 0.52438080495356
0.0545665634674923 -0.239551083591331
0.0553405572755419 0.996517027863777
0.0561145510835914 0.232585139318885
0.056888544891641 -0.531346749226006
0.0576625386996905 0.704721362229102
0.0584365325077398 -0.0592105263157895
0.0592105263157894 -0.823142414860681
0.0599845201238389 0.412925696594427
0.0607585139318885 -0.351006191950464
0.061532507739938 0.885061919504644
0.0623065015479876 0.121130030959752
0.0630804953560371 -0.642801857585139
0.0638544891640866 0.593266253869969
0.0646284829721362 -0.170665634674923
0.0654024767801857 -0.934597523219814
0.0661764705882353 0.301470588235294
0.0669504643962848 -0.462461300309598
0.0677244582043344 0.773606811145511
0.0684984520123839 0.0096749226006192
0.0692724458204335 -0.754256965944272
0.070046439628483 0.481811145510836
0.0708204334365325 -0.282120743034056
0.0715944272445821 0.953947368421053
0.0723684210526316 0.190015479876161
0.0731424148606812 -0.573916408668731
0.0739164086687307 0.662151702786378
0.0746904024767803 -0.101780185758514
0.0754643962848298 -0.865712074303406
0.0762383900928794 0.370356037151703
0.0770123839009287 -0.393575851393189
0.0777863777089782 0.84249226006192
0.0785603715170278 0.0785603715170278
0.0793343653250773 -0.685371517027864
0.0801083591331269 0.550696594427245
0.0808823529411764 -0.213235294117647
0.0816563467492259 -0.977167182662539
0.0824303405572755 0.25890092879257
0.083204334365325 -0.505030959752322
0.0839783281733746 0.731037151702786
0.0847523219814241 -0.0328947368421053
0.0855263157894737 -0.796826625386997
0.0863003095975232 0.439241486068112
0.0870743034055728 -0.32469040247678
0.0878482972136223 0.911377708978328
0.0886222910216719 0.147445820433437
0.0893962848297214 -0.616486068111455
0.0901702786377709 0.619582043343653
0.0909442724458205 -0.144349845201238
0.09171826625387 -0.90828173374613
0.0924922600619196 0.327786377708978
0.0932662538699691 -0.436145510835913
0.0940402476780187 0.799922600619195
0.0948142414860682 0.0359907120743035
0.0955882352941178 -0.727941176470588
0.0963622291021671 0.50812693498452
0.0971362229102166 -0.255804953560371
0.0979102167182662 0.980263157894737
0.0986842105263157 0.216331269349845
0.0994582043343653 -0.547600619195046
0.100232198142415 0.688467492260062
0.101006191950464 -0.0754643962848297
0.101780185758514 -0.839396284829721
0.102554179566563 0.396671826625387
0.103328173374613 -0.367260061919505
0.104102167182663 0.868808049535604
0.104876160990712 0.104876160990712
0.105650154798762 -0.65905572755418
0.106424148606811 0.577012383900929
0.107198142414861 -0.186919504643963
0.10797213622291 -0.950851393188854
0.10874613003096 0.285216718266254
0.109520123839009 -0.478715170278638
0.110294117647059 0.757352941176471
0.111068111455108 -0.00657894736842102
0.111842105263158 -0.770510835913313
0.112616099071208 0.465557275541796
0.113390092879257 -0.298374613003096
0.114164086687307 0.937693498452012
0.114938080495356 0.173761609907121
0.115712074303405 -0.590170278637771
0.116486068111455 0.645897832817337
0.117260061919505 -0.118034055727554
0.118034055727554 -0.881965944272446
0.118808049535604 0.354102167182663
0.119582043343653 -0.409829721362229
0.120356037151703 0.826238390092879
0.121130030959752 0.0623065015479876
0.121904024767802 -0.701625386996904
0.122678018575851 0.534442724458204
0.123452012383901 -0.229489164086687
0.12422600619195 -0.993421052631579
0.125 0.242647058823529
0.12577399380805 -0.521284829721362
0.126547987616099 0.714783281733746
0.127321981424149 -0.0491486068111455
0.128095975232198 -0.813080495356037
0.128869969040248 0.422987616099071
0.129643962848297 -0.34094427244582
0.130417956656347 0.895123839009288
0.131191950464396 0.131191950464396
0.131965944272446 -0.632739938080495
0.132739938080495 0.603328173374613
0.133513931888545 -0.160603715170279
0.134287925696595 -0.92453560371517
0.135061919504644 0.311532507739938
0.135835913312693 -0.452399380804954
0.136609907120743 0.783668730650155
0.137383900928792 0.0197368421052631
0.138157894736842 -0.744195046439629
0.138931888544892 0.49187306501548
0.139705882352941 -0.272058823529412
0.140479876160991 0.964009287925697
0.14125386996904 0.200077399380805
0.14202786377709 -0.563854489164087
0.142801857585139 0.672213622291022
0.143575851393189 -0.0917182662538699
0.144349845201238 -0.855650154798762
0.145123839009288 0.380417956656347
0.145897832817337 -0.383513931888545
0.146671826625387 0.852554179566563
0.147445820433437 0.0886222910216719
0.148219814241486 -0.67530959752322
0.148993808049536 0.560758513931888
0.149767801857585 -0.203173374613003
0.150541795665635 -0.967105263157895
0.151315789473684 0.268962848297214
0.152089783281734 -0.494969040247678
0.152863777089783 0.74109907120743
0.153637770897833 -0.0228328173374613
0.154411764705882 -0.786764705882353
0.155185758513932 0.449303405572755
0.155959752321981 -0.314628482972136
0.156733746130031 0.921439628482972
0.15750773993808 0.15750773993808
0.15828173374613 -0.606424148606811
0.15905572755418 0.629643962848297
0.159829721362229 -0.134287925696594
0.160603715170279 -0.898219814241486
0.161377708978328 0.337848297213622
0.162151702786378 -0.426083591331269
0.162925696594427 0.809984520123839
0.163699690402477 0.0460526315789473
0.164473684210526 -0.717879256965944
0.165247678018576 0.518188854489164
0.166021671826625 -0.245743034055728
0.166795665634675 0.990325077399381
0.167569659442725 0.226393188854489
0.168343653250774 -0.537538699690402
0.169117647058824 0.698529411764706
0.169891640866873 -0.0654024767801857
0.170665634674923 -0.829334365325077
0.171439628482972 0.406733746130031
0.172213622291022 -0.357198142414861
0.172987616099071 0.878869969040248
0.173761609907121 0.114938080495356
0.17453560371517 -0.648993808049536
0.17530959752322 0.587074303405573
0.176083591331269 -0.176857585139319
0.176857585139319 -0.940789473684211
0.177631578947368 0.295278637770898
0.178405572755418 -0.468653250773994
0.179179566563467 0.767414860681115
0.179953560371517 0.00348297213622284
0.180727554179567 -0.760448916408669
0.181501547987616 0.47561919504644
0.182275541795666 -0.288312693498452
0.183049535603715 0.947755417956656
0.183823529411765 0.183823529411765
0.184597523219814 -0.580108359133127
0.185371517027864 0.655959752321981
0.186145510835913 -0.10797213622291
0.186919504643963 -0.871904024767802
0.187693498452012 0.364164086687307
0.188467492260062 -0.399767801857585
0.189241486068112 0.836300309597523
0.190015479876161 0.0723684210526316
0.190789473684211 -0.69156346749226
0.19156346749226 0.544504643962848
0.192337461300309 -0.219427244582043
0.193111455108359 -0.983359133126935
0.193885448916409 0.252708978328173
0.194659442724458 -0.511222910216718
0.195433436532508 0.72484520123839
0.196207430340557 -0.0390866873065016
0.196981424148607 -0.803018575851393
0.197755417956656 0.433049535603715
0.198529411764706 -0.330882352941177
0.199303405572755 0.905185758513932
0.200077399380805 0.14125386996904
0.200851393188854 -0.622678018575851
0.201625386996904 0.613390092879257
0.202399380804954 -0.150541795665635
0.203173374613003 -0.914473684210526
0.203947368421053 0.321594427244582
0.204721362229102 -0.44233746130031
0.205495356037152 0.793730650154799
0.206269349845201 0.0297987616099071
0.207043343653251 -0.734133126934984
0.2078173374613 0.501934984520124
0.20859133126935 -0.261996904024768
0.209365325077399 0.974071207430341
0.210139318885449 0.210139318885449
0.210913312693499 -0.553792569659443
0.211687306501548 0.682275541795666
0.212461300309597 -0.0816563467492261
0.213235294117647 -0.845588235294118
0.214009287925697 0.390479876160991
0.214783281733746 -0.373452012383901
0.215557275541796 0.862616099071208
0.216331269349845 0.0986842105263157
0.217105263157895 -0.665247678018576
0.217879256965944 0.570820433436533
0.218653250773994 -0.193111455108359
0.219427244582043 -0.957043343653251
0.220201238390093 0.279024767801858
0.220975232198142 -0.484907120743034
0.221749226006192 0.751160990712074
0.222523219814242 -0.0127708978328174
0.223297213622291 -0.776702786377709
0.224071207430341 0.459365325077399
0.22484520123839 -0.304566563467492
0.22561919504644 0.931501547987616
0.226393188854489 0.167569659442725
0.227167182662539 -0.596362229102167
0.227941176470588 0.639705882352941
0.228715170278638 -0.12422600619195
0.229489164086687 -0.888157894736842
0.230263157894737 0.347910216718266
0.231037151702786 -0.416021671826625
0.231811145510836 0.820046439628483
0.232585139318885 0.0561145510835914
0.233359133126935 -0.7078173374613
0.234133126934984 0.528250773993808
0.234907120743034 -0.235681114551084
0.235681114551084 -0.999613003095975
0.236455108359133 0.236455108359133
0.237229102167183 -0.527476780185758
0.238003095975232 0.70859133126935
0.238777089783282 -0.0553405572755418
0.239551083591331 -0.819272445820433
0.240325077399381 0.416795665634675
0.24109907120743 -0.347136222910217
0.24187306501548 0.888931888544892
0.242647058823529 0.125
0.243421052631579 -0.638931888544892
0.244195046439629 0.597136222910217
0.244969040247678 -0.166795665634675
0.245743034055728 -0.930727554179567
0.246517027863777 0.305340557275542
0.247291021671827 -0.45859133126935
0.248065015479876 0.777476780185758
0.248839009287926 0.0135448916408669
0.249613003095975 -0.750386996904025
0.250386996904025 0.485681114551084
0.251160990712074 -0.278250773993808
0.251934984520124 0.9578173374613
0.252708978328173 0.193885448916409
0.253482972136223 -0.570046439628483
0.254256965944272 0.666021671826625
0.255030959752322 -0.0979102167182663
0.255804953560371 -0.861842105263158
0.256578947368421 0.37422600619195
0.257352941176471 -0.389705882352941
0.25812693498452 0.846362229102167
0.25890092879257 0.0824303405572755
0.259674922600619 -0.681501547987616
0.260448916408669 0.554566563467492
0.261222910216718 -0.209365325077399
0.261996904024768 -0.973297213622291
0.262770897832817 0.262770897832817
0.263544891640867 -0.501160990712074
0.264318885448916 0.734907120743034
0.265092879256966 -0.0290247678018576
0.265866873065016 -0.792956656346749
0.266640866873065 0.443111455108359
0.267414860681115 -0.320820433436533
0.268188854489164 0.915247678018576
0.268962848297214 0.151315789473684
0.269736842105263 -0.612616099071208
0.270510835913313 0.623452012383901
0.271284829721362 -0.140479876160991
0.272058823529412 -0.904411764705882
0.272832817337461 0.331656346749226
0.273606811145511 -0.432275541795666
0.27438080495356 0.803792569659443
0.27515479876161 0.039860681114551
0.275928792569659 -0.724071207430341
0.276702786377709 0.511996904024768
0.277476780185758 -0.251934984520124
0.278250773993808 0.984133126934984
0.279024767801858 0.220201238390093
0.279798761609907 -0.543730650154799
0.280572755417957 0.692337461300309
0.281346749226006 -0.0715944272445821
0.282120743034056 -0.835526315789474
0.282894736842105 0.400541795665635
0.283668730650155 -0.363390092879257
0.284442724458204 0.872678018575851
0.285216718266254 0.10874613003096
0.285990712074303 -0.655185758513932
0.286764705882353 0.580882352941176
0.287538699690403 -0.183049535603715
0.288312693498452 -0.946981424148607
0.289086687306501 0.289086687306501
0.289860681114551 -0.47484520123839
0.290634674922601 0.761222910216718
0.29140866873065 -0.00270897832817341
0.2921826625387 -0.766640866873065
0.292956656346749 0.469427244582043
0.293730650154799 -0.294504643962848
0.294504643962848 0.94156346749226
0.295278637770898 0.177631578947368
0.296052631578947 -0.586300309597523
0.296826625386997 0.649767801857585
0.297600619195046 -0.114164086687306
0.298374613003096 -0.878095975232198
0.299148606811146 0.35797213622291
0.299922600619195 -0.405959752321981
0.300696594427245 0.830108359133127
0.301470588235294 0.0661764705882353
0.302244582043344 -0.697755417956656
0.303018575851393 0.538312693498452
0.303792569659443 -0.22561919504644
0.304566563467492 -0.989551083591331
0.305340557275542 0.246517027863777
0.306114551083591 -0.517414860681115
0.306888544891641 0.718653250773994
0.307662538699691 -0.0452786377708978
0.30843653250774 -0.809210526315789
0.309210526315789 0.426857585139319
0.309984520123839 -0.337074303405573
0.310758513931888 0.898993808049536
0.311532507739938 0.135061919504644
0.312306501547988 -0.628869969040248
0.313080495356037 0.607198142414861
0.313854489164087 -0.156733746130031
0.314628482972136 -0.920665634674923
0.315402476780186 0.315402476780186
0.316176470588235 -0.448529411764706
0.316950464396285 0.787538699690403
0.317724458204334 0.0236068111455108
0.318498452012384 -0.740325077399381
0.319272445820433 0.495743034055728
0.320046439628483 -0.268188854489164
0.320820433436533 0.967879256965944
0.321594427244582 0.203947368421053
0.322368421052632 -0.559984520123839
0.323142414860681 0.676083591331269
0.323916408668731 -0.0878482972136223
0.32469040247678 -0.851780185758514
0.32546439628483 0.384287925696595
0.326238390092879 -0.379643962848297
0.327012383900929 0.856424148606811
0.327786377708978 0.0924922600619196
0.328560371517028 -0.671439628482972
0.329334365325077 0.564628482972136
0.330108359133127 -0.199303405572755
0.330882352941176 -0.963235294117647
0.331656346749226 0.272832817337461
0.332430340557275 -0.49109907120743
0.333204334365325 0.744969040247678
0.333978328173375 -0.0189628482972136
0.334752321981424 -0.782894736842105
0.335526315789474 0.453173374613003
0.336300309597523 -0.310758513931889
0.337074303405573 0.92530959752322
0.337848297213622 0.161377708978328
0.338622291021672 -0.602554179566563
0.339396284829721 0.633513931888545
0.340170278637771 -0.130417956656347
0.34094427244582 -0.894349845201238
0.34171826625387 0.34171826625387
0.34249226006192 -0.422213622291022
0.343266253869969 0.813854489164087
0.344040247678019 0.0499226006191951
0.344814241486068 -0.714009287925697
0.345588235294118 0.522058823529412
0.346362229102167 -0.24187306501548
0.347136222910217 0.994195046439629
0.347910216718266 0.230263157894737
0.348684210526316 -0.533668730650155
0.349458204334365 0.702399380804954
0.350232198142415 -0.0615325077399381
0.351006191950464 -0.82546439628483
0.351780185758514 0.410603715170279
0.352554179566563 -0.353328173374613
0.353328173374613 0.882739938080495
0.354102167182663 0.118808049535604
0.354876160990712 -0.645123839009288
0.355650154798762 0.59094427244582
0.356424148606811 -0.172987616099071
0.357198142414861 -0.936919504643963
0.35797213622291 0.299148606811146
0.35874613003096 -0.464783281733746
0.359520123839009 0.771284829721362
0.360294117647059 0.00735294117647056
0.361068111455108 -0.756578947368421
0.361842105263158 0.479489164086687
0.362616099071208 -0.284442724458204
0.363390092879257 0.951625386996904
0.364164086687307 0.187693498452012
0.364938080495356 -0.576238390092879
0.365712074303405 0.659829721362229
0.366486068111455 -0.104102167182663
0.367260061919505 -0.868034055727554
0.368034055727554 0.368034055727554
0.368808049535604 -0.395897832817337
0.369582043343653 0.840170278637771
0.370356037151703 0.0762383900928794
0.371130030959752 -0.687693498452012
0.371904024767802 0.548374613003096
0.372678018575851 -0.215557275541796
0.373452012383901 -0.979489164086687
0.37422600619195 0.256578947368421
0.375 -0.507352941176471
0.37577399380805 0.728715170278638
0.376547987616099 -0.0352167182662538
0.377321981424149 -0.799148606811146
0.378095975232198 0.436919504643963
0.378869969040248 -0.327012383900929
0.379643962848297 0.90905572755418
0.380417956656347 0.145123839009288
0.381191950464396 -0.618808049535604
0.381965944272446 0.617260061919505
0.382739938080495 -0.146671826625387
0.383513931888545 -0.910603715170279
0.384287925696595 0.32546439628483
0.385061919504644 -0.438467492260062
0.385835913312693 0.797600619195046
0.386609907120743 0.0336687306501549
0.387383900928792 -0.730263157894737
0.388157894736842 0.505804953560371
0.388931888544892 -0.25812693498452
0.389705882352941 0.977941176470588
0.390479876160991 0.214009287925697
0.39125386996904 -0.549922600619195
0.39202786377709 0.686145510835913
0.392801857585139 -0.0777863777089783
0.393575851393189 -0.84171826625387
0.394349845201238 0.394349845201238
0.395123839009288 -0.369582043343653
0.395897832817337 0.866486068111455
0.396671826625387 0.102554179566563
0.397445820433437 -0.661377708978328
0.398219814241486 0.57469040247678
0.398993808049536 -0.189241486068111
0.399767801857585 -0.953173374613003
0.400541795665635 0.282894736842105
0.401315789473684 -0.481037151702786
0.402089783281734 0.755030959752322
0.402863777089783 -0.00890092879256965
0.403637770897833 -0.772832817337461
0.404411764705882 0.463235294117647
0.405185758513932 -0.300696594427245
0.405959752321981 0.935371517027864
0.406733746130031 0.171439628482972
0.40750773993808 -0.59249226006192
0.40828173374613 0.643575851393189
0.40905572755418 -0.120356037151703
0.409829721362229 -0.884287925696594
0.410603715170279 0.351780185758514
0.411377708978328 -0.412151702786378
0.412151702786378 0.823916408668731
0.412925696594427 0.0599845201238389
0.413699690402477 -0.703947368421053
0.414473684210526 0.532120743034056
0.415247678018576 -0.231811145510836
0.416021671826625 -0.995743034055728
0.416795665634675 0.240325077399381
0.417569659442725 -0.523606811145511
0.418343653250774 0.712461300309597
0.419117647058824 -0.0514705882352942
0.419891640866873 -0.815402476780186
0.420665634674923 0.420665634674923
0.421439628482972 -0.343266253869969
0.422213622291022 0.892801857585139
0.422987616099071 0.128869969040248
0.423761609907121 -0.635061919504644
0.42453560371517 0.601006191950464
0.42530959752322 -0.162925696594427
0.426083591331269 -0.926857585139319
0.426857585139319 0.309210526315789
0.427631578947368 -0.454721362229102
0.428405572755418 0.781346749226006
0.429179566563467 0.0174148606811146
0.429953560371517 -0.746517027863777
0.430727554179567 0.489551083591331
0.431501547987616 -0.27438080495356
0.432275541795666 0.961687306501548
0.433049535603715 0.197755417956656
0.433823529411765 -0.566176470588235
0.434597523219814 0.669891640866873
0.435371517027864 -0.0940402476780186
0.436145510835913 -0.85797213622291
0.436919504643963 0.378095975232198
0.437693498452012 -0.385835913312694
0.438467492260062 0.850232198142415
0.439241486068112 0.0863003095975232
0.440015479876161 -0.677631578947368
0.440789473684211 0.55843653250774
0.44156346749226 -0.205495356037152
0.442337461300309 -0.969427244582043
0.443111455108359 0.266640866873065
0.443885448916409 -0.497291021671827
0.444659442724458 0.738777089783282
0.445433436532508 -0.0251547987616099
0.446207430340557 -0.789086687306502
0.446981424148607 0.446981424148607
0.447755417956656 -0.316950464396285
0.448529411764706 0.919117647058824
0.449303405572755 0.155185758513932
0.450077399380805 -0.60874613003096
0.450851393188854 0.627321981424149
0.451625386996904 -0.136609907120743
0.452399380804954 -0.900541795665635
0.453173374613003 0.335526315789474
0.453947368421053 -0.428405572755418
0.454721362229102 0.807662538699691
0.455495356037152 0.0437306501547987
0.456269349845201 -0.720201238390093
0.457043343653251 0.515866873065016
0.4578173374613 -0.248065015479876
0.45859133126935 0.988003095975232
0.459365325077399 0.224071207430341
0.460139318885449 -0.539860681114551
0.460913312693499 0.696207430340557
0.461687306501548 -0.0677244582043344
0.462461300309597 -0.831656346749226
0.463235294117647 0.404411764705882
0.464009287925697 -0.359520123839009
0.464783281733746 0.876547987616099
0.465557275541796 0.112616099071208
0.466331269349845 -0.651315789473684
0.467105263157895 0.584752321981424
0.467879256965944 -0.179179566563467
0.468653250773994 -0.943111455108359
0.469427244582043 0.292956656346749
0.470201238390093 -0.470975232198142
0.470975232198142 0.765092879256966
0.471749226006192 0.00116099071207421
0.472523219814242 -0.762770897832817
0.473297213622291 0.473297213622291
0.474071207430341 -0.290634674922601
0.47484520123839 0.945433436532508
0.47561919504644 0.181501547987616
0.476393188854489 -0.582430340557275
0.477167182662539 0.653637770897833
0.477941176470588 -0.110294117647059
0.478715170278638 -0.87422600619195
0.479489164086687 0.361842105263158
0.480263157894737 -0.402089783281734
0.481037151702786 0.833978328173375
0.481811145510836 0.070046439628483
0.482585139318885 -0.693885448916409
0.483359133126935 0.5421826625387
0.484133126934984 -0.221749226006192
0.484907120743034 -0.985681114551084
0.485681114551084 0.250386996904025
0.486455108359133 -0.513544891640867
0.487229102167183 0.722523219814242
0.488003095975232 -0.0414086687306502
0.488777089783282 -0.805340557275542
0.489551083591331 0.430727554179567
0.490325077399381 -0.333204334365325
0.49109907120743 0.902863777089783
0.49187306501548 0.138931888544892
0.492647058823529 -0.625
0.493421052631579 0.611068111455108
0.494195046439629 -0.152863777089783
0.494969040247678 -0.916795665634675
0.495743034055728 0.319272445820433
0.496517027863777 -0.444659442724458
0.497291021671827 0.79140866873065
0.498065015479876 0.0274767801857585
0.498839009287926 -0.736455108359133
0.499613003095975 0.499613003095975
0.500386996904025 -0.264318885448916
0.501160990712074 0.971749226006192
0.501934984520124 0.2078173374613
0.502708978328173 -0.556114551083591
0.503482972136223 0.679953560371517
0.504256965944272 -0.0839783281733746
0.505030959752322 -0.847910216718266
0.505804953560371 0.388157894736842
0.506578947368421 -0.37577399380805
0.507352941176471 0.860294117647059
0.50812693498452 0.0963622291021671
0.50890092879257 -0.667569659442725
0.509674922600619 0.568498452012384
0.510448916408669 -0.195433436532508
0.511222910216718 -0.959365325077399
0.511996904024768 0.276702786377709
0.512770897832817 -0.487229102167183
0.513544891640867 0.748839009287926
0.514318885448916 -0.0150928792569659
0.515092879256966 -0.779024767801858
0.515866873065016 0.457043343653251
0.516640866873065 -0.306888544891641
0.517414860681115 0.929179566563467
0.518188854489164 0.165247678018576
0.518962848297214 -0.598684210526316
0.519736842105263 0.637383900928792
0.520510835913313 -0.126547987616099
0.521284829721362 -0.890479876160991
0.522058823529412 0.345588235294118
0.522832817337461 -0.418343653250774
0.523606811145511 0.817724458204334
0.52438080495356 0.0537925696594428
0.52515479876161 -0.710139318885449
0.525928792569659 0.525928792569659
0.526702786377709 -0.238003095975232
0.527476780185758 0.998065015479876
0.528250773993808 0.234133126934984
0.529024767801858 -0.529798761609907
0.529798761609907 0.706269349845201
0.530572755417957 -0.0576625386996904
0.531346749226006 -0.821594427244582
0.532120743034056 0.414473684210526
0.532894736842105 -0.349458204334365
0.533668730650155 0.886609907120743
0.534442724458204 0.122678018575851
0.535216718266254 -0.64125386996904
0.535990712074303 0.594814241486068
0.536764705882353 -0.169117647058823
0.537538699690403 -0.933049535603715
0.538312693498452 0.303018575851393
0.539086687306501 -0.460913312693498
0.539860681114551 0.77515479876161
0.540634674922601 0.0112229102167183
0.54140866873065 -0.752708978328173
0.5421826625387 0.483359133126935
0.542956656346749 -0.280572755417957
0.543730650154799 0.955495356037152
0.544504643962848 0.19156346749226
0.545278637770898 -0.572368421052632
0.546052631578947 0.663699690402477
0.546826625386997 -0.100232198142415
0.547600619195046 -0.864164086687306
0.548374613003096 0.371904024767802
0.549148606811146 -0.39202786377709
0.549922600619195 0.844040247678019
0.550696594427245 0.0801083591331269
0.551470588235294 -0.683823529411765
0.552244582043344 0.552244582043344
0.553018575851393 -0.211687306501548
0.553792569659443 -0.97561919504644
0.554566563467492 0.260448916408669
0.555340557275542 -0.503482972136223
0.556114551083591 0.732585139318885
0.556888544891641 -0.0313467492260062
0.557662538699691 -0.795278637770898
0.55843653250774 0.440789473684211
0.559210526315789 -0.323142414860681
0.559984520123839 0.912925696594427
0.560758513931888 0.148993808049536
0.561532507739938 -0.614938080495356
0.562306501547988 0.621130030959752
0.563080495356037 -0.142801857585139
0.563854489164087 -0.906733746130031
0.564628482972136 0.329334365325077
0.565402476780186 -0.434597523219814
0.566176470588235 0.801470588235294
0.566950464396285 0.0375386996904026
0.567724458204334 -0.726393188854489
0.568498452012384 0.509674922600619
0.569272445820433 -0.254256965944272
0.570046439628483 0.981811145510836
0.570820433436533 0.217879256965944
0.571594427244582 -0.546052631578947
0.572368421052632 0.690015479876161
0.573142414860681 -0.0739164086687306
0.573916408668731 -0.837848297213622
0.57469040247678 0.398219814241486
0.57546439628483 -0.365712074303406
0.576238390092879 0.870356037151703
0.577012383900929 0.106424148606811
0.577786377708978 -0.65750773993808
0.578560371517028 0.578560371517028
0.579334365325077 -0.185371517027864
0.580108359133127 -0.949303405572755
0.580882352941176 0.286764705882353
0.581656346749226 -0.477167182662539
0.582430340557275 0.75890092879257
0.583204334365325 -0.00503095975232193
0.583978328173375 -0.768962848297214
0.584752321981424 0.467105263157895
0.585526315789474 -0.296826625386997
0.586300309597523 0.939241486068112
0.587074303405573 0.17530959752322
0.587848297213622 -0.588622291021672
0.588622291021672 0.647445820433437
0.589396284829721 -0.116486068111455
0.590170278637771 -0.880417956656347
0.59094427244582 0.355650154798762
0.59171826625387 -0.40828173374613
0.59249226006192 0.827786377708978
0.593266253869969 0.0638544891640866
0.594040247678019 -0.700077399380805
0.594814241486068 0.535990712074303
0.595588235294118 -0.227941176470588
0.596362229102167 -0.99187306501548
0.597136222910217 0.244195046439629
0.597910216718266 -0.519736842105263
0.598684210526316 0.716331269349845
0.599458204334365 -0.0476006191950464
0.600232198142415 -0.811532507739938
0.601006191950464 0.42453560371517
0.601780185758514 -0.339396284829721
0.602554179566563 0.896671826625387
0.603328173374613 0.132739938080495
0.604102167182663 -0.631191950464396
0.604876160990712 0.604876160990712
0.605650154798762 -0.15905572755418
0.606424148606811 -0.922987616099071
0.607198142414861 0.313080495356037
0.60797213622291 -0.450851393188854
0.60874613003096 0.785216718266254
0.609520123839009 0.0212848297213621
0.610294117647059 -0.742647058823529
0.611068111455108 0.493421052631579
0.611842105263158 -0.270510835913313
0.612616099071208 0.965557275541796
0.613390092879257 0.201625386996904
0.614164086687307 -0.562306501547988
0.614938080495356 0.673761609907121
0.615712074303405 -0.0901702786377709
0.616486068111455 -0.854102167182663
0.617260061919505 0.381965944272446
0.618034055727554 -0.381965944272446
0.618808049535604 0.854102167182663
0.619582043343653 0.0901702786377709
0.620356037151703 -0.673761609907121
0.621130030959752 0.562306501547988
0.621904024767802 -0.201625386996904
0.622678018575851 -0.965557275541796
0.623452012383901 0.270510835913313
0.62422600619195 -0.493421052631579
0.625 0.742647058823529
0.62577399380805 -0.0212848297213623
0.626547987616099 -0.785216718266254
0.627321981424149 0.450851393188854
0.628095975232198 -0.313080495356037
0.628869969040248 0.922987616099071
0.629643962848297 0.15905572755418
0.630417956656347 -0.604876160990712
0.631191950464396 0.631191950464396
0.631965944272446 -0.132739938080495
0.632739938080495 -0.896671826625387
0.633513931888545 0.339396284829721
0.634287925696595 -0.42453560371517
0.635061919504644 0.811532507739938
0.635835913312693 0.0476006191950464
0.636609907120743 -0.716331269349845
0.637383900928792 0.519736842105263
0.638157894736842 -0.244195046439629
0.638931888544892 0.99187306501548
0.639705882352941 0.227941176470588
0.640479876160991 -0.535990712074303
0.64125386996904 0.700077399380805
0.64202786377709 -0.0638544891640866
0.642801857585139 -0.827786377708978
0.643575851393189 0.40828173374613
0.644349845201238 -0.355650154798762
0.645123839009288 0.880417956656347
0.645897832817337 0.116486068111455
0.646671826625387 -0.647445820433437
0.647445820433437 0.588622291021672
0.648219814241486 -0.17530959752322
0.648993808049536 -0.939241486068111
0.649767801857585 0.296826625386997
0.650541795665635 -0.467105263157895
0.651315789473684 0.768962848297214
0.652089783281734 0.00503095975232193
0.652863777089783 -0.75890092879257
0.653637770897833 0.477167182662539
0.654411764705882 -0.286764705882353
0.655185758513932 0.949303405572755
0.655959752321981 0.185371517027864
0.656733746130031 -0.578560371517028
0.65750773993808 0.65750773993808
0.65828173374613 -0.106424148606811
0.65905572755418 -0.870356037151703
0.659829721362229 0.365712074303405
0.660603715170279 -0.398219814241486
0.661377708978328 0.837848297213622
0.662151702786378 0.0739164086687307
0.662925696594427 -0.690015479876161
0.663699690402477 0.546052631578947
0.664473684210526 -0.217879256965944
0.665247678018576 -0.981811145510836
0.666021671826625 0.254256965944272
0.666795665634675 -0.509674922600619
0.667569659442725 0.726393188854489
0.668343653250774 -0.0375386996904025
0.669117647058824 -0.801470588235294
0.669891640866873 0.434597523219814
0.670665634674923 -0.329334365325077
0.671439628482972 0.906733746130031
0.672213622291022 0.142801857585139
0.672987616099071 -0.621130030959752
0.673761609907121 0.614938080495356
0.67453560371517 -0.148993808049536
0.67530959752322 -0.912925696594427
0.676083591331269 0.323142414860681
0.676857585139319 -0.440789473684211
0.677631578947368 0.795278637770898
0.678405572755418 0.0313467492260062
0.679179566563467 -0.732585139318885
0.679953560371517 0.503482972136223
0.680727554179567 -0.260448916408669
0.681501547987616 0.97561919504644
0.682275541795666 0.211687306501548
0.683049535603715 -0.552244582043344
0.683823529411765 0.683823529411765
0.684597523219814 -0.080108359133127
0.685371517027864 -0.844040247678019
0.686145510835913 0.39202786377709
0.686919504643963 -0.371904024767802
0.687693498452012 0.864164086687307
0.688467492260062 0.100232198142415
0.689241486068112 -0.663699690402477
0.690015479876161 0.572368421052632
0.690789473684211 -0.19156346749226
0.69156346749226 -0.955495356037152
0.692337461300309 0.280572755417957
0.693111455108359 -0.483359133126935
0.693885448916409 0.752708978328173
0.694659442724458 -0.0112229102167183
0.695433436532508 -0.77515479876161
0.696207430340557 0.460913312693499
0.696981424148607 -0.303018575851393
0.697755417956656 0.933049535603715
0.698529411764706 0.169117647058824
0.699303405572755 -0.594814241486068
0.700077399380805 0.64125386996904
0.700851393188854 -0.122678018575851
0.701625386996904 -0.886609907120743
0.702399380804954 0.349458204334365
0.703173374613003 -0.414473684210526
0.703947368421053 0.821594427244582
0.704721362229102 0.0576625386996905
0.705495356037152 -0.706269349845201
0.706269349845201 0.529798761609907
0.707043343653251 -0.234133126934985
0.7078173374613 -0.998065015479876
0.70859133126935 0.238003095975232
0.709365325077399 -0.525928792569659
0.710139318885449 0.710139318885449
0.710913312693499 -0.0537925696594427
0.711687306501548 -0.817724458204334
0.712461300309597 0.418343653250774
0.713235294117647 -0.345588235294118
0.714009287925697 0.890479876160991
0.714783281733746 0.126547987616099
0.715557275541796 -0.637383900928792
0.716331269349845 0.598684210526316
0.717105263157895 -0.165247678018576
0.717879256965944 -0.929179566563467
0.718653250773994 0.306888544891641
0.719427244582043 -0.457043343653251
0.720201238390093 0.779024767801858
0.720975232198142 0.015092879256966
0.721749226006192 -0.748839009287926
0.722523219814242 0.487229102167183
0.723297213622291 -0.276702786377709
0.724071207430341 0.959365325077399
0.72484520123839 0.195433436532508
0.72561919504644 -0.568498452012384
0.726393188854489 0.667569659442725
0.727167182662539 -0.0963622291021672
0.727941176470588 -0.860294117647059
0.728715170278638 0.37577399380805
0.729489164086687 -0.388157894736842
0.730263157894737 0.847910216718266
0.731037151702786 0.0839783281733746
0.731811145510836 -0.679953560371517
0.732585139318885 0.556114551083591
0.733359133126935 -0.2078173374613
0.734133126934984 -0.971749226006192
0.734907120743034 0.264318885448916
0.735681114551084 -0.499613003095975
0.736455108359133 0.736455108359133
0.737229102167183 -0.0274767801857585
0.738003095975232 -0.79140866873065
0.738777089783282 0.444659442724458
0.739551083591331 -0.319272445820433
0.740325077399381 0.916795665634675
0.74109907120743 0.152863777089783
0.74187306501548 -0.611068111455108
0.742647058823529 0.625
0.743421052631579 -0.138931888544892
0.744195046439629 -0.902863777089783
0.744969040247678 0.333204334365325
0.745743034055728 -0.430727554179567
0.746517027863777 0.805340557275542
0.747291021671827 0.0414086687306501
0.748065015479876 -0.722523219814242
0.748839009287926 0.513544891640867
0.749613003095975 -0.250386996904025
0.750386996904025 0.985681114551084
0.751160990712074 0.221749226006192
0.751934984520124 -0.5421826625387
0.752708978328173 0.693885448916409
0.753482972136223 -0.070046439628483
0.754256965944272 -0.833978328173375
0.755030959752322 0.402089783281734
0.755804953560371 -0.361842105263158
0.756578947368421 0.87422600619195
0.757352941176471 0.110294117647059
0.75812693498452 -0.653637770897833
0.75890092879257 0.582430340557275
0.759674922600619 -0.181501547987616
0.760448916408669 -0.945433436532508
0.761222910216718 0.290634674922601
0.761996904024768 -0.473297213622291
0.762770897832817 0.762770897832817
0.763544891640867 -0.00116099071207432
0.764318885448916 -0.765092879256966
0.765092879256966 0.470975232198142
0.765866873065016 -0.292956656346749
0.766640866873065 0.943111455108359
0.767414860681115 0.179179566563467
0.768188854489164 -0.584752321981424
0.768962848297214 0.651315789473684
0.769736842105263 -0.112616099071207
0.770510835913313 -0.876547987616099
0.771284829721362 0.359520123839009
0.772058823529412 -0.404411764705882
0.772832817337461 0.831656346749226
0.773606811145511 0.0677244582043344
0.77438080495356 -0.696207430340557
0.77515479876161 0.539860681114551
0.775928792569659 -0.224071207430341
0.776702786377709 -0.988003095975232
0.777476780185758 0.248065015479876
0.778250773993808 -0.515866873065016
0.779024767801858 0.720201238390093
0.779798761609907 -0.0437306501547987
0.780572755417957 -0.80766253869969
0.781346749226006 0.428405572755418
0.782120743034056 -0.335526315789474
0.782894736842105 0.900541795665635
0.783668730650155 0.136609907120743
0.784442724458204 -0.627321981424149
0.785216718266254 0.60874613003096
0.785990712074303 -0.155185758513932
0.786764705882353 -0.919117647058823
0.787538699690403 0.316950464396285
0.788312693498452 -0.446981424148607
0.789086687306501 0.789086687306501
0.789860681114551 0.0251547987616099
0.790634674922601 -0.738777089783282
0.79140866873065 0.497291021671827
0.7921826625387 -0.266640866873065
0.792956656346749 0.969427244582043
0.793730650154799 0.205495356037152
0.794504643962848 -0.55843653250774
0.795278637770898 0.677631578947368
0.796052631578947 -0.0863003095975232
0.796826625386997 -0.850232198142415
0.797600619195046 0.385835913312693
0.798374613003096 -0.378095975232198
0.799148606811146 0.85797213622291
0.799922600619195 0.0940402476780187
0.800696594427245 -0.669891640866873
0.801470588235294 0.566176470588235
0.802244582043344 -0.197755417956656
0.803018575851393 -0.961687306501548
0.803792569659443 0.27438080495356
0.804566563467492 -0.489551083591331
0.805340557275542 0.746517027863777
0.806114551083591 -0.0174148606811145
0.806888544891641 -0.781346749226006
0.807662538699691 0.454721362229102
0.80843653250774 -0.309210526315789
0.809210526315789 0.926857585139319
0.809984520123839 0.162925696594427
0.810758513931888 -0.601006191950464
0.811532507739938 0.635061919504644
0.812306501547988 -0.128869969040248
0.813080495356037 -0.892801857585139
0.813854489164087 0.343266253869969
0.814628482972136 -0.420665634674923
0.815402476780186 0.815402476780186
0.816176470588235 0.0514705882352942
0.816950464396285 -0.712461300309598
0.817724458204334 0.523606811145511
0.818498452012384 -0.240325077399381
0.819272445820433 0.995743034055728
0.820046439628483 0.231811145510836
0.820820433436533 -0.532120743034056
0.821594427244582 0.703947368421053
0.822368421052632 -0.059984520123839
0.823142414860681 -0.823916408668731
0.823916408668731 0.412151702786378
0.82469040247678 -0.351780185758514
0.82546439628483 0.884287925696595
0.826238390092879 0.120356037151703
0.827012383900929 -0.643575851393189
0.827786377708978 0.59249226006192
0.828560371517028 -0.171439628482972
0.829334365325077 -0.935371517027864
0.830108359133127 0.300696594427245
0.830882352941176 -0.463235294117647
0.831656346749226 0.772832817337461
0.832430340557275 0.00890092879256965
0.833204334365325 -0.755030959752322
0.833978328173375 0.481037151702786
0.834752321981424 -0.282894736842105
0.835526315789474 0.953173374613003
0.836300309597523 0.189241486068112
0.837074303405573 -0.57469040247678
0.837848297213622 0.661377708978328
0.838622291021672 -0.102554179566563
0.839396284829721 -0.866486068111455
0.840170278637771 0.369582043343653
0.84094427244582 -0.394349845201238
0.84171826625387 0.84171826625387
0.84249226006192 0.0777863777089782
0.843266253869969 -0.686145510835913
0.844040247678019 0.549922600619195
0.844814241486068 -0.214009287925697
0.845588235294118 -0.977941176470588
0.846362229102167 0.25812693498452
0.847136222910217 -0.505804953560371
0.847910216718266 0.730263157894737
0.848684210526316 -0.0336687306501547
0.849458204334365 -0.797600619195046
0.850232198142415 0.438467492260062
0.851006191950464 -0.32546439628483
0.851780185758514 0.910603715170279
0.852554179566563 0.146671826625387
0.853328173374613 -0.617260061919505
0.854102167182663 0.618808049535604
0.854876160990712 -0.145123839009288
0.855650154798762 -0.90905572755418
0.856424148606811 0.327012383900929
0.857198142414861 -0.436919504643963
0.85797213622291 0.799148606811146
0.85874613003096 0.0352167182662539
0.859520123839009 -0.728715170278638
0.860294117647059 0.507352941176471
0.861068111455108 -0.256578947368421
0.861842105263158 0.979489164086687
0.862616099071208 0.215557275541796
0.863390092879257 -0.548374613003096
0.864164086687307 0.687693498452012
0.864938080495356 -0.0762383900928792
0.865712074303405 -0.840170278637771
0.866486068111455 0.395897832817337
0.867260061919505 -0.368034055727554
0.868034055727554 0.868034055727554
0.868808049535604 0.104102167182663
0.869582043343653 -0.659829721362229
0.870356037151703 0.576238390092879
0.871130030959752 -0.187693498452012
0.871904024767802 -0.951625386996904
0.872678018575851 0.284442724458204
0.873452012383901 -0.479489164086687
0.87422600619195 0.756578947368421
0.875 -0.00735294117647056
0.87577399380805 -0.771284829721362
0.876547987616099 0.464783281733746
0.877321981424149 -0.299148606811146
0.878095975232198 0.936919504643963
0.878869969040248 0.172987616099071
0.879643962848297 -0.59094427244582
0.880417956656347 0.645123839009288
0.881191950464396 -0.118808049535604
0.881965944272446 -0.882739938080495
0.882739938080495 0.353328173374613
0.883513931888545 -0.410603715170279
0.884287925696595 0.82546439628483
0.885061919504644 0.061532507739938
0.885835913312693 -0.702399380804954
0.886609907120743 0.533668730650155
0.887383900928792 -0.230263157894737
0.888157894736842 -0.994195046439629
0.888931888544892 0.24187306501548
0.889705882352941 -0.522058823529412
0.890479876160991 0.714009287925697
0.89125386996904 -0.0499226006191951
0.89202786377709 -0.813854489164087
0.892801857585139 0.422213622291022
0.893575851393189 -0.34171826625387
0.894349845201238 0.894349845201238
0.895123839009288 0.130417956656347
0.895897832817337 -0.633513931888545
0.896671826625387 0.602554179566563
0.897445820433437 -0.161377708978328
0.898219814241486 -0.92530959752322
0.898993808049536 0.310758513931888
0.899767801857585 -0.453173374613003
0.900541795665635 0.782894736842105
0.901315789473684 0.0189628482972137
0.902089783281734 -0.744969040247678
0.902863777089783 0.49109907120743
0.903637770897833 -0.272832817337461
0.904411764705882 0.963235294117647
0.905185758513932 0.199303405572755
0.905959752321981 -0.564628482972136
0.906733746130031 0.671439628482972
0.90750773993808 -0.0924922600619195
0.90828173374613 -0.856424148606811
0.90905572755418 0.379643962848297
0.909829721362229 -0.384287925696594
0.910603715170279 0.851780185758514
0.911377708978328 0.0878482972136223
0.912151702786378 -0.676083591331269
0.912925696594427 0.559984520123839
0.913699690402477 -0.203947368421053
0.914473684210526 -0.967879256965944
0.915247678018576 0.268188854489164
0.916021671826625 -0.495743034055728
0.916795665634675 0.740325077399381
0.917569659442725 -0.0236068111455109
0.918343653250774 -0.787538699690402
0.919117647058824 0.448529411764706
0.919891640866873 -0.315402476780186
0.920665634674923 0.920665634674923
0.921439628482972 0.156733746130031
0.922213622291022 -0.607198142414861
0.922987616099071 0.628869969040248
0.923761609907121 -0.135061919504644
0.92453560371517 -0.898993808049536
0.92530959752322 0.337074303405573
0.926083591331269 -0.426857585139319
0.926857585139319 0.809210526315789
0.927631578947368 0.0452786377708978
0.928405572755418 -0.718653250773994
0.929179566563467 0.517414860681115
0.929953560371517 -0.246517027863777
0.930727554179567 0.989551083591331
0.931501547987616 0.22561919504644
0.932275541795666 -0.538312693498452
0.933049535603715 0.697755417956656
0.933823529411765 -0.0661764705882353
0.934597523219814 -0.830108359133127
0.935371517027864 0.405959752321981
0.936145510835913 -0.35797213622291
0.936919504643963 0.878095975232198
0.937693498452012 0.114164086687307
0.938467492260062 -0.649767801857585
0.939241486068112 0.586300309597523
0.940015479876161 -0.177631578947368
0.940789473684211 -0.94156346749226
0.94156346749226 0.294504643962848
0.942337461300309 -0.469427244582043
0.943111455108359 0.766640866873065
0.943885448916409 0.00270897832817329
0.944659442724458 -0.761222910216718
0.945433436532508 0.47484520123839
0.946207430340557 -0.289086687306502
0.946981424148607 0.946981424148607
0.947755417956656 0.183049535603715
0.948529411764706 -0.580882352941176
0.949303405572755 0.655185758513932
0.950077399380805 -0.10874613003096
0.950851393188854 -0.872678018575851
0.951625386996904 0.363390092879257
0.952399380804954 -0.400541795665635
0.953173374613003 0.835526315789474
0.953947368421053 0.0715944272445821
0.954721362229102 -0.69233746130031
0.955495356037152 0.543730650154799
0.956269349845201 -0.220201238390093
0.957043343653251 -0.984133126934985
0.9578173374613 0.251934984520124
0.95859133126935 -0.511996904024768
0.959365325077399 0.724071207430341
0.960139318885449 -0.0398606811145511
0.960913312693499 -0.803792569659443
0.961687306501548 0.432275541795666
0.962461300309597 -0.331656346749226
0.963235294117647 0.904411764705882
0.964009287925697 0.140479876160991
0.964783281733746 -0.623452012383901
0.965557275541796 0.612616099071208
0.966331269349845 -0.151315789473684
0.967105263157895 -0.915247678018576
0.967879256965944 0.320820433436533
0.968653250773994 -0.443111455108359
0.969427244582043 0.792956656346749
0.970201238390093 0.0290247678018576
0.970975232198142 -0.734907120743034
0.971749226006192 0.501160990712074
0.972523219814242 -0.262770897832817
0.973297213622291 0.973297213622291
0.974071207430341 0.209365325077399
0.97484520123839 -0.554566563467492
0.97561919504644 0.681501547987616
0.976393188854489 -0.0824303405572755
0.977167182662539 -0.846362229102167
0.977941176470588 0.389705882352941
0.978715170278638 -0.37422600619195
0.979489164086687 0.861842105263158
0.980263157894737 0.0979102167182662
0.981037151702786 -0.666021671826625
0.981811145510836 0.570046439628483
0.982585139318885 -0.193885448916409
0.983359133126935 -0.9578173374613
0.984133126934984 0.278250773993808
0.984907120743034 -0.485681114551084
0.985681114551084 0.750386996904025
0.986455108359133 -0.0135448916408669
0.987229102167183 -0.777476780185758
0.988003095975232 0.45859133126935
0.988777089783282 -0.305340557275542
0.989551083591331 0.930727554179567
0.990325077399381 0.166795665634675
0.99109907120743 -0.597136222910217
0.99187306501548 0.638931888544892
0.992647058823529 -0.125
0.993421052631579 -0.888931888544892
0.994195046439629 0.347136222910217
0.994969040247678 -0.416795665634675
0.995743034055728 0.819272445820433
0.996517027863777 0.0553405572755419
0.997291021671827 -0.70859133126935
0.998065015479876 0.527476780185758
0.998839009287926 -0.236455108359133
0.999613003095975 0.999613003095975
